549
3.0523962182043824
1.2790690631641137
1.5825979505930607
-0.22169861099131463
-5.3228079910519484e-002
-0.30485773742052585

2.671080807655398
0.24039381105957006
0.85428548501498613
4.8484626936433226e-002
-0.16582155253762654
-9.0829322774913623e-002

1.117721639259601
2.2054092243463796
0.1435853250107276
0.11228447091026995
-0.12902523835080287
-0.16736672495022764

2.9053674016711661
2.6725516022651497
0.89107484213885402
-0.3176235081383284
-9.8082559861251847e-002
-0.27717833937570502

2.8861473340780894
0.44035884546908316
1.0258332363383951
0.18904368798708276
0.28578523737294176
0.23009393616683013

3.6550191808675048
2.1657544815701311
3.7153780203254848e-002
-0.10007502700204893
-0.22613220750607085
1.8776163106292515e-002

1.2419868385906523
1.2624829090860521
1.3295035241285174
-4.7986596104740369e-002
7.7905836001705933e-002
-0.18664511764367442

0.78794749377321893
1.4915368324917624
0.7301998558562075
-0.21325834054717843
6.80376259367097e-002
0.18897337204717654

2.7487615388280418
1.5692346589771475
1.7444938849661695
0.12803728237238457
3.1027684483408847e-002
-0.21639948415293794

4.0641323309089215
2.592675717011407
0.93328483389287242
-6.8171426296694163e-002
3.1127960120538138e-002
0.22796032488383752

1.4471809806745088
0.78355757983068275
0.23811350739847528
8.7542713778938464e-002
6.6705713347057022e-002
-4.5774408562985106e-002

2.8764887942910278
0.60000286636419953
1.3708514959612281
-7.3160938636704928e-003
0.17376427835238023
-4.488668543814138e-002

1.4911795471371203
1.3708050878860498
2.0875727131108257
0.23921401470240178
0.23338046720500821
0.35857684260911044

1.0025271085026004
1.8064101071221421
1.3586153835480885
-9.2929025028070211e-002
0.29772899217723731
-0.11492015250129634

0.22429549962008291
2.9149469514937523
0.53561611798199782
-0.18976201694517472
-1.4707692853584663e-002
0.15579192366130476

1.6296984703881539
0.26105974834778872
1.8643186801105822
-0.2149213405664554
-1.5132182888787848e-002
-3.1914078225301519e-002

3.6890345544383707
0.81826933301192906
0.77049822919458266
-0.23709392916470462
7.7800704919675293e-002
2.375066849052564e-002

2.3652313207223377
2.054566071606768
1.4233360752119131
-0.18845460319007448
0.10630348715810721
0.13909502378481994

3.1580933224144312
0.28578433481934262
1.3547804028143546
-9.2450587636186576e-002
-2.8078225837168912e-002
6.5495329587993797e-002

1.6212902037941439
2.076126441704615
1.7041205620513662
0.20220850417712341
-9.1676862535319939e-002
0.17557431588602224

1.8951813882354838
2.9026310684431413
4.7713378465362444e-002
0.10398794064180666
2.1433821976475059e-002
0.3132056665820605

1.0756320664330137
1.7986712390370705
0.72025177217695013
0.14566350431719433
0.1020931615560888
0.15980760333827362

1.9183157510093618
0.70313173888365499
0.94717021652914546
0.26022855674430168
0.11873561738533392
0.16143959492211493

2.9972789450519608
1.4091354948378405
1.9560058642372069
-3.6927561938247942e-002
-8.1874541633417966e-002
9.8932130021712361e-002

0.505680048729378
2.6500884575694359
1.6008158809606863
0.20284783151558278
0.33719072015557133
-5.6329256328494844e-002

0.87149246797571034
2.232655175692555
1.9905238350877168
-7.27982676407294e-002
0.16086082663191972
-0.12929711693779386

0.37395290663924297
0.80245907642288172
1.0383261242171662
0.13833294154736098
0.15424723846420688
-7.2607136140014471e-003

1.9482926387588586
3.0123253417863536
1.6135801406320294
-2.3770174689659557e-002
-5.2131500215111794e-002
0.35786464413085806

1.6772353421931145
1.0446367527103853
1.8871914204756506
-0.11691733606152542
7.1227353760724713e-002
0.12114414036657413

1.5106083916974351
0.77777554750814726
0.58423580153367016
-0.18831311934123299
5.9171094427614888e-002
1.2439711755529397e-002

3.4688031243033914
0.26912416443370418
1.6541290374956028
0.15218712609826776
0.15545384459403289
-1.6444609007209423e-002

3.2432234774145829
2.9772685337603253
0.23174582129696916
0.12749629211320621
0.18712200423517417
7.0805842309792866e-002

3.444302970871413
0.49923073478533353
0.28100947737388476
-0.23740773484635655
-0.21529771792264965
-1.668687460391844e-002

2.1299052821298323
1.1545602499501098
1.9060933219478202
0.16231583042513226
5.5468788797607943e-002
7.8769634182725104e-002

1.0568215811681374
0.67263953030318491
1.0381600847552388
4.8606391393533985e-005
-0.11528159262415734
-2.7962321919941701e-002

1.4730141557416283
2.6532518861748868
1.8583652743007684
-0.18353606879677925
0.10504808045466169
-2.3370059973496712e-002

3.7223061084274662
2.9007181951010299
0.28813180984834597
-3.4755350282694351e-002
-5.5132348639829201e-002
0.12944644558834426

2.0506337786384234
1.8085180046604346
1.1358019608634771
-4.1022097507910096e-002
0.17444187687455501
-0.11402597282830217

2.0485853211317955
1.9749884095720185
0.10749668212091053
-4.3369704549498282e-002
0.12239746954878074
6.6462054711176694e-002

1.8742215628762593
1.3589189767240357
0.34261078167780334
0.1519727337596008
-0.12052150511053579
3.6052438276050467e-003

0.36824159280125252
1.843413035315222
1.6397693639072168
-6.2586576538397878e-003
-7.5987485474546784e-002
6.7354799868699591e-002

0.56499907325020737
1.1413177578085738
0.84351592793647434
-0.2740965699511615
-9.1322099486024141e-002
-6.752440960562843e-002

0.12945637715813157
1.1259082916137291
0.27923450612880141
-0.11759637613620769
-1.3091042644923244e-002
6.4899026141301983e-002

4.1584495221190174
1.2485026104334354
1.3293524398659506
7.5426384408234112e-002
7.7349147199935006e-002
0.10879100750493131

2.6256370163902205
0.33501155703557967
1.9544450280132519
-0.4442360586310089
-0.30428746673840801
0.19474636767218712

3.4997854931824226
1.7006038782712256
1.2725818661898307
1.8097182336103794e-002
0.17663253393458525
0.10770821465177702

0.80020054398515594
0.30759491378762588
1.6125093151947854
1.5502796322825387e-003
-8.9704925531827795e-002
0.16189579777767882

3.4186571429074148
2.7001752806132373
0.36128385934672391
0.1169375733866304
-0.23350268104507677
0.1191987201848444

2.716740125047878
1.211337031252594
1.6019676235462899
7.2609423807306048e-002
-8.1673291086848433e-003
1.6874504777942362e-002

0.46701569495264428
2.2378103058060739
1.6819550959453708
6.8790066890080714e-002
3.8620627135316027e-002
-0.19192551673074637

3.7844900398305366
2.9363298714982484
1.8767315099616089
8.0026752423443023e-002
0.18254628685128424
-0.38242968368237118

3.5094442535667976
1.9537696046672057
0.34135701780948124
5.6878971002123066e-002
-6.8420007037492223e-002
0.19672651261093133

4.1753505582371071
2.6328609277029522
2.0368090417640352
0.22330827297895112
5.8611810556665658e-002
-9.4371195509631731e-002

0.10442187834201937
0.59259927070628715
0.92989163446150946
-0.16937089818954409
9.5545195379135292e-002
-0.10167067493646592

0.57595915561261346
2.9326060464640205
1.3937903003001768
-5.7492201327631526e-002
7.2018516984381331e-002
-0.28747788412601633

1.204743476965725
0.95338487527313431
0.77189328222308584
-1.1684339789734969e-002
3.725146001505255e-002
-5.6404429612595355e-002

4.0406896970204649
1.4423778247115955
0.61491629822482108
-0.19480632046135454
-0.30183845704850271
-0.11532425901119291

3.2418207635277003
1.7237266114465497
1.8974053630995911
-0.11273748091434058
-9.18114072950422e-003
-6.6855221886291005e-002

3.989668486400177
1.8478181384116621
1.2554276601937266
-0.11457934016034391
-0.1399433971095094
-0.20394796796036124

0.81949212227984225
3.0035163106595597
0.50542651204361144
-0.22445481233643705
9.8363759998336298e-002
-0.25121723583708061

0.70943061263068696
0.69572921339040483
1.6718983866412849
-6.9147146342286664e-002
0.22018291486818703
-3.2024013786988187e-002

3.7788530729288348
2.7965837780044875
1.3985412829230945
-0.20343013628215004
-4.5046153578688084e-003
9.5445946139969418e-003

2.2631654990680783
2.0007731089202494
1.7810034808555062
-0.14013289190965728
0.15779748853423856
-2.4931372517166872e-002

4.0833847906756828
1.1512730587315025
0.29554082930483794
2.4824024106121532e-002
-0.14660530946869074
-0.25515916433690256

3.952869442870844e-002
1.6104165013612564
1.9869676810206971
7.4150051820662836e-003
-0.20262630478162807
0.17398960594329213

2.173731367805479
0.26380808452661464
0.13402374292797731
-0.35203146739818192
-8.6165648899904496e-002
8.9606879001152898e-002

1.7452711532442378
1.8496660145609991
0.38955368882907415
3.1423214508642903e-002
6.2182311560675753e-002
-0.17301008550172231

1.0368980591295445
1.0037061204583213
1.9624177252258714
-0.20599902655798177
0.10728662438664383
0.24885753914313533

1.7703741014951937
2.6515808505585281
1.2509290936062449
4.0184636556648563e-002
8.8397581141422529e-002
2.0756213696192665e-002

1.359717519182297
2.9796580216849065
1.0875031425049908
8.0147997387742989e-002
6.4697376511891072e-002
-5.8759645047068251e-002

3.2742815822383657
1.9694810015264061
1.0652098374776471
-2.323473652076883e-002
7.3272467659654408e-002
-5.9581673622974167e-002

3.3799200280527462
2.2309383823076625
0.75354326616136569
8.8526873868310221e-002
-0.18294894054024333
-8.6366070735552386e-002

3.0039373710822148
1.366300551981726
0.98668841382113148
-4.8290756068533197e-003
-2.9509822309277518e-002
-5.676005634449361e-002

3.7859386950614975
0.28194683244053487
1.272815365312284
-4.7901600538172731e-002
-0.13949105841934273
-4.4507222187364186e-002

0.81121830350182655
1.2336786716497721
4.2719975445348848e-002
-8.6757107415097234e-002
-0.14852276643639628
-5.9846893705539514e-002

4.2584608708549609
0.66761003765582594
0.58872401772401073
2.9042963332837176e-002
0.12607395457762366
7.352504135007823e-002

1.0140949561396568
1.78884193538176
1.8662422024747789
-8.3410272968766172e-002
8.1183811147742133e-002
-0.16344524131525984

1.1064762184692998
2.4848559037622646
1.7805730425150625
-1.5538325844120888e-002
0.27227287324044031
0.14359746443642751

1.9582155299886479
2.6488723787864634
0.80872022129058252
-6.523796059303158e-002
-0.10823906504963381
0.18770072477445771

2.2252753675965029
2.9483898791284147
0.34186494439568882
-8.0463748101297208e-002
2.966098305804557e-002
9.8387714075959101e-002

2.322326779913586
1.0132401423776498
0.11767969422806646
-0.12356316298040416
-0.12894379077120249
-0.1811444468246961

2.4238334901124143
2.9770743764421379
1.0742656695070836
-4.9376244405929477e-002
-0.21634101127809127
-0.11861058794782375

4.1525880242095541
1.3279802796938232
0.9185670867654282
-6.7426824549889325e-002
1.388163579228938e-002
-0.1041252445979651

1.4170493186320068
2.9158231411442741
2.15333011872859
2.5436186782667732e-002
0.11706865539974942
-0.12867545452684376

2.6919640455565741
2.2407257625457242
1.4372691168948184
9.8788305963038274e-003
0.10486655740381637
-0.13123732582263545

3.1139011430776349
2.4779286929641042
0.60820933862769622
2.3458768758098526e-002
-1.5829384401438308e-002
-0.13363528248503542

3.0935080903719498
1.7004600274509902
0.58889078551426244
7.313236847480431e-002
-0.25395397286344074
-7.2996320667643472e-002

0.61880764738686933
1.2316807149603322
0.41755180969298228
0.11327731841396423
-0.11107807744079833
-1.0808966250069124e-003

0.85983835339911918
0.98036043047472299
0.27573787268412381
6.1800249106577484e-002
-0.18794758117096194
9.3315693166974231e-002

4.0147507198813042
0.61532348604609444
0.88392179336770016
-0.21562789887164502
7.2943383539640597e-002
-0.10126138917899141

3.4180557822087465
1.436727823611933
0.66457062757425966
4.7355757414341365e-002
-0.28922518402196806
-6.7746329229335753e-002

4.010034167751412
1.7064686653597601
0.87537354936784573
0.20541376748484264
1.1298226345866727e-002
6.1252799318362736e-002

4.0843796673963828
0.62767664425949787
1.6536943153145893
-0.25647309320847012
-0.11238265650223103
-0.11757864698741392

2.4160967095072214
2.9846843795120561
6.026745507283035e-002
0.22071077737358952
3.8726690703899072e-002
9.7056070777360115e-002

0.13739233118557898
1.0002573984187066
1.3339208260495101
-0.29017462223257701
-5.6338984560354403e-002
-0.25143913739822854

1.643322617318284
2.9435442685749411
0.88879141468191958
0.19086233247763487
-0.11133629632733338
-0.25866020510874926

2.1800267237093651
2.9610808201895882
0.71880308869718379
0.22737930581258098
-8.4408912325169796e-002
-1.0778459000445556e-003

2.2289979833746205
2.6616621791611874
2.1186136356118133
9.7957109553205871e-002
4.9228719788453786e-003
-6.0145339945021414e-002

0.53550669735838929
0.70156541434244279
1.9864468711556109
-0.24559066656688558
-6.9540619609787274e-002
-0.10021051207966615

2.5644364609263763
0.56883654933639793
0.82818698302433014
-6.6387050439330575e-002
8.1454778571426009e-002
-5.5393080143678108e-002

3.3166704203996251
0.9377655103609841
9.6272195630812102e-002
-0.11935376891266496
0.17110826664004977
5.8495021352944418e-002

1.9730649374590246
1.4394732388353773
2.1177931398754737
-0.37499281205989959
-0.19957017345255057
-0.10879558642467121

2.7796156291618574
2.068522422056343
4.6587411224199335e-002
-1.0715989859115808e-002
-8.4636450415186484e-002
7.000129475884756e-002

3.8201260627994338
0.62045061899653098
0.53449868351016461
-0.11949976457506704
-0.12258961620590583
-0.18879931705758499

3.636320717631643
1.579388899397079
0.97940088544410042
-4.7936280645027543e-002
-0.13524846521482667
0.11694413098488794

1.5219976196505314
1.5075615449976705
0.33742548555031943
-4.160496847340346e-003
0.25567636785240455
-0.14600796464290941

2.8860419005095475
0.28467378011989647
0.40910928582711376
-0.14188063522789013
0.18121151007479935
-0.15428908715274584

4.2328349392181872
2.920236583369245
0.81558450659663129
6.0057023609293644e-002
1.5574476939764801e-002
0.11791011909413349

2.8111061375700626
1.4366177452893552
0.5103041630539874
-4.643298945861201e-002
7.6469220959852188e-002
-7.0513394642423857e-002

2.6644484049109152
2.6602414711390274
1.5880690516890485
-4.9989797363668854e-002
6.4823268166692094e-002
-5.9604018624658944e-002

0.2857013573385781
3.0218164930004847
1.0889909724747271
-0.1931754322738484
-2.4440359333310253e-002
9.4489136723655845e-002

4.2705080503429462
2.6067829307702737
0.61759684523517633
-0.13671199676932516
1.8868854911726057e-002
-1.2371777937267566e-002

0.2495403523966111
1.4257058574911172
9.1659102739026693e-002
0.26520358794734494
-0.13029323209463162
2.1963482221683876e-002

3.8505059078325199
0.81589465837574648
2.0681796003236608
6.7888809957365889e-002
-0.27014938868796373
-0.16933717673740337

1.4791828407559484
1.43162047304943
1.6758568634992073
-4.6757570304216699e-002
-0.21157531095361851
0.17487687206977814

2.6367643956868441
0.55121103639447266
1.6370689975336927
0.22441306610379344
2.7737590898933399e-002
9.8753746308678836e-002

1.4011645736105187
2.6588470411911533
1.2835441473459643
0.45778278088650948
0.10686411050505616
-1.5921993115406492e-002

0.51854824735813076
2.399519978929709
1.323673235042756
7.5915988450116989e-002
-4.487731564260402e-002
6.5382184684206743e-002

3.8327555461498499
0.88628731776249392
1.6953259222693549
0.19298519049313295
-0.16394486935368649
0.16953316099374172

0.20493482542224564
2.5249730383811766
0.32728934333283122
0.23876844688493468
-0.12239116235732832
-0.13867430511468753

2.5013182338580791
1.2887902746769366
1.042182705228816
0.14163503588274304
-0.10833245712868163
-9.6092258411876644e-002

4.1427474140508593
2.9031373917176198
1.4296357624061147
7.1846741464602723e-002
-0.34631370099619513
-0.23466237217485195

4.3172084484306703
2.3379432326110638
0.96497566989921479
-9.0705676703026275e-002
-0.27128260703878948
0.14023839006692992

2.7457283449735086
1.057969921955126
0.84748442611972641
-0.30885039388801133
5.5506651392231023e-002
1.2296953293838096e-002

0.31135067022179841
2.115678574453308
1.3128016934551499
0.17679502215016982
0.2448932949246809
0.15056853339296647

3.7812618645278167
2.5549868093489838
2.004472386947767
3.8487691021824984e-002
0.35241315668408513
7.8173544962517716e-002

0.8170793092825247
2.4284473244699427
1.6002511477480796
-1.4687347026519549e-002
2.4051318171600198e-002
2.3738325112950598e-002

2.8197602852023995
2.6344343053700068
2.151764429477188
-1.6531600887163985e-002
1.7767478144417741e-002
4.7729374336339662e-002

1.5748706952069722
0.29359139287336322
1.31541669844056
0.21178292720143285
-8.6128859021000745e-002
-1.6539600063670092e-002

1.7253912753274658
2.7206354500114864
1.6157010775494269
-0.21156701671341666
-8.3031567769033601e-002
-0.15791977466243703

0.14242150869395839
0.27275648057478868
7.2663539027512242e-002
2.7576794429791999e-002
0.11397423422874976
0.24219428493305736

3.6509380300494709
1.4227822664185832
6.4167126434286625e-002
-0.21573061936102142
-5.988190485139764e-002
1.8558945861173081e-002

2.4165673110595489
2.1356700528215615
2.0698136442513739
-0.17452245296118132
1.8964135338713578e-002
-0.23470492798654968

1.7257319213437456
1.026184361332543
0.15819808142792807
-6.7725101221063663e-002
-0.15637373908863925
-6.9450800081062428e-002

1.5823583518031896
2.3285478936375767
1.3831896282329457
0.14699004686434114
1.0154167961400028e-002
0.14007833994531629

1.362076007515497
1.6707588458081322
1.32797321876495
-0.23534312868136073
1.4105248595216001e-002
0.35542083297374322

2.1813719909685005
1.4765872687981103
0.93088626580939149
0.23413263871918363
9.3626475020265644e-003
2.4425449823893466e-004

2.4470752266447113
1.7299722516765592
1.5707351890024499
-6.6774266260973922e-002
-7.9289933282184408e-002
-0.23527321280004843

2.1949467873815189
0.83095088771442682
1.2365611903641847
0.34569214936930931
-7.426504905538843e-002
-8.4934847038374409e-002

1.3299260148776566
0.78589849552077762
1.8701664205832722
0.15653887155015417
7.0178935600472822e-002
0.13312657664385763

2.0261118229360973
0.85493567110275925
2.1397805462868038
5.06997621373022e-002
-6.1800469271655764e-002
-0.10747483827785044

2.6343490098915212
0.54492105269312308
0.39150897684348057
-0.16110548663163865
-3.6579172961808307e-002
-0.13726624626333117

2.1330838159870131
2.6683312779640485
1.6268480010777271
0.15126492844727452
-4.7817787186157999e-002
0.14450359173439264

3.7309371454391704
1.2757797436111942
0.50447823920417956
0.10458516411902752
-0.21898827307319627
0.1532816752644397

3.3940816620478254
2.338700794455284
1.5249106047010768
0.20833840727576669
0.17749326834567258
-3.8181712420267716e-002

2.2959242511527682
2.1780447803079426
0.86404223193050278
-0.27769088792148788
6.6804173603207317e-003
5.1430665428922911e-002

2.8750296078572144
1.7860939012118924
0.30071251790819248
-0.15161276644782939
6.9839136049936523e-002
0.1272384393048781

3.0669048625300568
1.6588682527586416
1.5390009622726804
4.110984279266575e-003
0.17140629969086774
0.14100829242694266

2.2001409494283455
0.41237983071371664
1.3548974138798453
0.15362311868319187
-1.3133932518759845e-002
0.15768581379433522

4.0558159342114468
2.9974270003203953
2.1154003113955486
1.0234404760147468e-002
-4.1668973083973777e-002
-0.10709261282523104

3.2161991019898375
0.23915668122772793
1.8927972032284368
-0.18813858579719908
0.17365074339089043
4.2737451817994529e-002

2.8290126681868024
2.3895211366698974
1.7799742839101953
-3.5025930541720826e-003
-2.4209375046515078e-002
-0.31939957724954365

0.8636249358217053
0.75729954222807827
0.71701392203726588
0.13097100087254052
0.19492901787286715
0.25362480415395444

1.9882934233980158
1.0225976778743415
0.41567965020863845
-5.0965040561243555e-002
8.3469930571939396e-002
0.19877670316499527

0.89960694083203252
0.35096351185009861
0.73857382759254342
-0.15904108359572366
2.7206911579591698e-002
-6.5694385051746976e-002

4.0666783616750708
0.28266471099942403
0.48301045080955696
8.9693655524381896e-002
7.6533236332149718e-003
-8.8997883965604541e-002

0.40473136740582211
1.7579467696765732
0.24367934844893741
5.9936312293336354e-002
0.19158173923366861
0.12943288601162414

4.2831476419646659
1.2327054522140091
2.0931752326632398
8.9626615528485928e-002
0.31257330885014056
9.9941075981228089e-002

3.7876238625622056
2.9225364477065239
0.78244437619671048
-5.8258523197086846e-002
7.7667746567465007e-003
0.15499996231183888

2.1462851165530665
0.38619484169452439
1.8858737961017475
-0.14568593703758595
-9.146849960359843e-002
5.9815996424684735e-002

0.75980496879171122
1.571563890411414
1.1559899787932331
0.11853181665343919
3.5720871685935671e-002
-0.40308829706824045

2.6379858414591948
2.9292534141161899
1.9342664981839415
-0.14608992576906207
4.0350503512250495e-002
0.13291858069729812

3.2641268653856259
2.6933752672880118
2.1339583961762267
-0.14596715940031013
2.4737226854168383e-002
0.28118644392175957

0.29853831330925851
0.35449820008604954
0.37454101637217785
0.13671409128572082
-2.8975422916416572e-002
0.18243308478955672

0.61628254663088766
0.43041186517966096
0.55038977219852536
3.5727611622415986e-002
-5.7471509878848435e-002
-0.11499271044638402

2.4247746041501581
0.31687330076816256
1.1295898663342951
1.5013061247038197e-002
8.5415770842520097e-002
3.28084060852009e-002

1.1620416391598869
2.1221329721303532
1.3436936940517406
0.25701036907249469
0.14919054308736213
3.6691741820031117e-003

3.671954150281489
1.1872222653573008
0.9652685100534607
-6.7218055723644254e-002
-4.3587325660693212e-002
0.19995661406358262

0.2738517665798611
2.1203008793636191
0.24633629981153327
-0.12452253492769801
-9.042765705139022e-002
0.12682194684653195

2.6055863236579371
1.9198409364698623
1.8057376546374284
-0.18540899109476228
0.12359207134344685
0.12716693389412928

1.2609607037654369
1.9629619300067398
0.97972415827214321
7.0089855448510416e-002
0.12543324919007628
4.219714425726305e-002

1.1909000708836142
1.5942050327697139
1.0203695218273177
-5.0616363953686433e-002
0.30010826274971736
0.13349512223614315

3.4525822079002979
2.4099550353529606
2.0078620706011754
-0.17064857415758838
-0.22271715877223947
-4.3753934192781826e-002

1.5364722735816694
2.3105952719541833
0.35526530493722142
0.20908376250840571
-0.24498728270424913
0.18936598667601937

3.2882675233378733
1.5146370819341541
0.32076018053953098
-0.11725626222481017
3.6247557621880144e-002
-4.8417612135212389e-004

1.300483916548375
1.7019131721271887
1.9703372377555743
-0.13775731892680348
3.9253311592904988e-002
2.7017433708873689e-002

0.59937713422240424
1.1034629098689457
1.4902661036822835
6.5202598109427232e-002
-2.2228413501547341e-002
-0.24620973087440326

4.2105322544038453
1.6500782947869115
1.5249262732559108
-3.8144918840544072e-002
0.29556715733567612
0.13137507612174779

3.1297257139736763
1.0537374986021908
1.2637518543207009
-0.19772929725643218
0.12735052049294859
0.18751824806044742

0.81191449142522509
3.0117336555400542
2.1584545859082667
-6.4637621019658226e-002
0.10903544057683413
-7.2365909667289105e-002

1.5788950762051321
0.2745520320801596
0.84225201352477386
0.25473432709617788
-8.4515901740108645e-002
-1.9764555632516168e-002

3.7516510847354168
0.2849880113836466
0.35513568263854517
-6.3781464105607283e-002
-0.19674214143842605
8.0932065962085242e-002

3.6441940961314288
1.2978680376657288
1.3127485036698574
-7.5419587982808465e-003
7.8799164730218915e-003
-5.3910724339337321e-004

3.4832410214906391
2.9280961720417831
1.0674284866922181
0.18758773667189252
-2.1339012855061314e-002
-4.8573988627496172e-002

2.8313853181871838
1.7099073265580755
2.0670794237894405
-0.1227864807154045
0.19216261988156713
0.25983188656240369

1.4806295131731351
0.72950720062678676
1.2431992996039072
2.9359581493127021e-002
-7.9161204978576233e-002
8.1948438796760475e-002

0.16578296389206926
1.1205616796749691
1.0032139103245943
-0.4587958766643237
4.690108985177753e-002
6.3286304427409193e-002

0.36446500801353565
0.83532123000222158
1.5896499731810367
3.743087790166362e-002
-5.4190862400553916e-002
-3.2252002573680306e-002

1.4216622276666894e-002
1.8942837327165445
1.3095268955367889
0.10587152238879376
-0.18095581594424734
5.8842615397307819e-002

3.0748772981986661
2.3123773633007261
0.19346377428906769
-0.1082220917283354
-0.10569724353202807
0.14303170603361456

0.53191881178060241
2.1885930253418473
2.060429916067378
0.14993137795294836
-0.1933197919968066
4.8387964304869024e-003

2.0094705606641483
1.6880154348769425
0.67933117561522749
8.5704708343556577e-002
-0.16874644537621356
0.31403925132260768

1.0699654836174295
0.2531735583252161
1.3507222947765336
-0.1253974536750192
1.360483765840447e-002
4.9592842455592298e-002

0.16406154357663161
2.5589017670091585
1.8198024095630436
-1.5735056971758548e-003
1.7430931688992558e-002
-0.14888656816114085

3.1280977820251992
0.3293714220687527
0.7157109375688242
0.30312904126890772
-0.22960482039025829
8.9283622096188717e-002

0.67514518746117358
2.0583386668006551
1.4000651550448848
0.1785259797584704
9.2865487630029789e-002
-7.4664207994894594e-002

2.1841020513121232
0.64674866922208307
1.5982569952387886
-6.5503266400842039e-003
1.7285662888171811e-003
-0.1390626074506818

2.7091001878891863
2.3818303428475374
0.20449538133502457
-0.11990605084275795
4.3356751421504809e-002
2.6970290440469231e-002

0.51964969072079747
2.9540814131655093
0.28766521657465943
0.16102219027496764
-0.11121045735193638
-0.11608140748092641

1.9008763512426838
0.62717138151668828
1.3381008150325584
1.9363741794005487e-002
-0.12012475136384818
4.1549641558975333e-003

0.29012596720133937
0.7796548951146508
0.37431302438485664
0.27166745526038394
4.7335740111832329e-002
3.1930539529330851e-002

2.4872605471815801
2.6329293943093686
0.24668701302648621
-0.10849429252747468
0.28102652757291796
3.7923959110580073e-002

2.427292385316743
2.671747724667989
1.8228830447048381
-0.24419976103458371
-0.2777739092604441
-3.080698997002284e-002

0.79422424618840581
1.4504905063202274
1.8095868272356201
-2.0936322458005037e-002
-2.5258057079029405e-002
0.11103649001851341

8.5441440993294267e-003
0.31402630626690897
1.8971864528503735
0.27256592453317663
-3.5394389978346562e-002
0.13013011274519648

1.3168637817760751
1.8689845646588412
1.6252477288961347
-2.4994265233205373e-002
3.4001244962994521e-003
0.1616326657151953

4.0181535329383369
1.7103273892368869
0.33883781097776527
0.34510918490651959
-7.737662769298663e-002
-4.4020313528896808e-004

2.6105277144108658
1.1576328904733937
0.35251279542294434
4.7247254799408285e-002
0.17823885493156402
-0.17231617793282808

2.5474606781618125
1.5979422578408164
0.6995921686605685
0.12199829614449391
3.6479441766137127e-002
-1.586267071586285e-002

3.758625217237499
2.6376770308251345
1.0582677904194857
-2.7928362091067117e-002
0.37583487477462235
-0.17971799220851345

0.97873235122141378
1.8220770904546559
0.36519243781093369
1.0939556972967014e-002
-6.0313956121389421e-002
0.23681290292487803

1.8526577234495316
1.6645268868448979
1.3874513847022845
0.30942426963906955
8.2436862824482787e-002
-8.5862806118441826e-002

3.5915429797759253
1.4306041256949615
1.8944769800572765
9.8058425971714824e-002
-0.15669541734496867
-0.14463079410105165

3.3583499082287118
0.67104467824245206
0.74309302976018887
0.16863591475763928
9.9333378406166059e-002
9.464035073736192e-004

0.76297212044648532
2.9328645584499302
1.0626326047517303
-0.10667627755581195
-0.20997908084396125
0.24441662783919921

1.6269790465739749
2.9944816666081575
1.3647341395769779
0.10783328535723515
0.1446522041832693
-0.16110497918407946

3.3691175759863414
2.7031659919785325
1.3676882338414225
-1.1315107503911891e-002
-0.19792514840364531
-0.10536034312983404

0.12551951249375787
2.6182116897564338
1.4687413083441905
0.12309558792266782
6.3145881567742632e-002
7.1282058669519283e-002

0.41427466167571181
1.2829052644146119
1.1904487149706207
0.19248179883402664
0.153911455604551
0.11873941465484773

3.229883459477572
0.52886846818806965
2.1358374621457452
-0.11742336573402173
-3.4187486583655474e-002
4.8499682374308337e-002

0.26462319288818764
1.1737402621275494
1.6715541720527245
4.3358263341495951e-002
-2.7668463274032867e-002
-0.26107254054604384

0.82387723223488363
0.29358794637971053
1.0832452622398632
4.1540111078649709e-002
8.5314767854454562e-002
0.11394188767265789

4.1017502138656745
2.1786803342966552
1.3483599098889945
-5.801424990856676e-002
2.0092213766405468e-002
4.9800993292877523e-002

2.9537282808747576
2.0189671243631886
1.7520461908380554
0.16861540651567603
-8.4605939455815377e-002
-0.26124282722459569

1.4184575212248915
1.1798810951706111
0.98704705297552375
-8.4071973892142021e-002
-7.7965577769549932e-002
-9.8751696500061617e-002

1.9064952726758251
0.29328056213642317
1.1300690508588638
2.1928552206822486e-004
8.1704575124506781e-002
0.10313972932588673

3.8688199426472649
1.194098256221251
1.5675219195855659
-9.4146238825751558e-002
-4.280863074993671e-002
-0.19323096655852215

3.1014890522000873
0.60099150200381068
0.32835408660223242
0.18731283220858394
-0.1575579008238171
-2.3939443043805617e-002

1.0119564096103399
2.1126607765915946
1.6699967682090102
-0.25945833161182685
6.9027665791204007e-002
0.32322226152290939

3.4612346900024469
2.5951620860320479
0.7685149275761074
-2.3606001977885354e-002
3.0173616939820576e-002
-9.4062935826557267e-002

3.3882299218737755
0.62623364705444584
1.808378813524784
-7.0804944136939496e-002
1.2140093810850794e-002
0.18593192558915025

0.423415829199767
1.240978251987287
1.9917457533430976
0.29665169938034408
-3.116522083555473e-002
0.1621557325623823

3.4635480143333255
0.91658831702525578
1.1642310459455756
8.0553960158758764e-002
8.9943214751106643e-002
-5.3935218996688655e-002

0.92287465488468678
1.9545798360422271
1.0526302040996576
-2.7777496591279802e-002
-8.1391296524887244e-004
0.14116262223158818

4.173885882909012
1.9710125547563453
1.7477943335350918
2.3520296648711529e-002
-9.9098541413625507e-002
-1.0884275800355114e-002

2.5736037187192458
0.32024498005332863
0.14659862786619712
-4.7883121499871326e-002
-0.17847145186679719
-0.15337116666574085

4.1057984298791146
0.30922182208752502
1.0610084134000053
6.6453928621375072e-002
-0.21344887892343969
-0.1380909995070006

3.7086029794141484
1.6650144734257906
0.55752335087251337
-0.13031159024747482
2.1581766440663879e-002
6.0208548113344043e-002

1.6106682122386013
2.9552773358933671
0.28914162298441592
0.13874812641489984
0.3616310712288005
0.11482777285070853

3.1968486881091795
0.97028049160819585
1.9162957430343239
-3.2015022276860622e-002
-0.14984693364504789
-5.6468124306529123e-002

2.2318741544143426
1.541161198516602
1.2753577533948623
0.13046096129169274
4.654412917902908e-002
-4.4475286598675612e-002

1.6485569249320053
2.2913658529650793
0.7167189427276166
3.6881879170810393e-002
-0.15570730648206121
0.25811013041451369

1.276404167271608
2.9844562121471494
1.6200849700716566
-0.36494005137812918
8.040968809726691e-002
-7.012577817497552e-002

1.1520823076994569
2.6897819299597781
1.0304138031069294
0.15719725671407622
0.25445970895018238
-0.16439911478234098

0.33256458168781061
1.8039921815901396
0.68590628080584426
9.1213270701792526e-002
-6.1947671000328816e-002
0.25365484354905643

3.2074436278566276
2.5562003658725398
1.756051046275886
-0.10238853223811027
-4.867267885014339e-002
3.5995357317698713e-002

2.1882932558139743
1.7221399035013969
2.0311342970079305
-0.11124073102652829
-0.17336318635985187
7.9515920681949032e-003

2.1631172820685287
1.7103834537640903
0.35235347809415352
-3.7941232187044101e-002
-9.0920399774302788e-002
-5.5446980132588135e-002

3.2295006192746238
0.20896650080727044
0.30801353227477651
-8.6497340598366085e-002
-0.14116205789784472
-1.2560824717253448e-002

2.431322670211236
0.28127358608140041
1.638017635086719
0.20065069454012707
6.6102590404549133e-002
0.14493577543922118

2.7587897254307157
1.42417294438995
0.12751964157316581
8.7291190294020493e-002
-4.0392768295099753e-002
-1.1759175827059399e-002

0.50844886239583431
2.9600594365051207
0.80512553038051038
-0.15056201667354452
-5.4177839225259025e-002
0.12643157882725045

1.5190061218548967
0.30434291916011752
0.25973661699248141
0.13995870846947123
0.17395528692750603
3.0801937272499223e-002

1.3533595907567273
1.1664439329768697
0.46813419535663903
0.17434051234319689
-5.9586283399687689e-002
8.7991815144375124e-002

1.6766177216331639
1.7344493431931811
0.99964892271071892
-0.23772779530395818
-0.20359105529265289
-0.10441258842365451

3.4813447097838832
2.9909581284855444
1.5864455523911087
-0.13555830221269727
0.16326147447959677
6.6022073213944932e-002

1.6035615417033773
1.3389323280153207
1.316490655768471
-7.7744552731718472e-002
0.1513818584740905
-0.12513767718191252

1.2555240393777587
0.43388938756506296
0.12925651985932005
-0.10183840061729887
9.3542604251692515e-002
3.3060044831742713e-002

4.2078241156061065
0.86678883300239751
4.7093906778758091e-002
5.2030388287159814e-002
9.4370565444013704e-002
5.3259524916554699e-003

4.2708449219258249
2.2762082659802179
0.24072166160378722
-0.19033404445832264
2.9920051924710971e-002
-0.14652263529152348

3.7111821196660544
0.56548105125318138
1.6241723081822077
0.19563288148970104
-6.0444410614519661e-002
-2.3087301254431352e-002

0.21264063002422198
2.9426171830670875
2.5817194054719692e-002
-0.28905192776481409
-0.13636294125714019
-7.9977100518305075e-002

1.6170745652562841
0.6557981761953795
1.6031332856020155
0.15252861335725562
-5.3124600379193233e-002
7.6938587295617783e-002

1.9629233788095675
2.9133551730769662
1.07191003880445
0.2328530463123332
5.4844162814273137e-002
-2.9847662102001959e-002

2.3603190008557626e-002
0.98226261774152546
0.72249902686007617
-9.6071274886411651e-002
-6.277986188288523e-003
-4.0037781623781431e-002

2.4262914209982624
2.481762023700663
1.392297154777119
0.13937799162708528
0.17198282693053155
0.21853751254353085

4.1242388435341919
0.55344292878126455
2.0389219537152918
7.249046592323391e-002
-9.7342193668847665e-002
-2.8422602062147594e-002

4.31017178225036
0.25121253954261041
1.3428014766218836
0.26280330416519504
-0.11295349388703112
-6.4991402094635803e-002

0.88397156796556331
1.3285071762972767
1.4137053926888667
-0.13380181567033825
0.13815274294317162
-0.20256804823363903

0.8003343132002485
2.7350789488119784
0.21347970352433007
0.20156757053528873
-0.19647453603423437
0.22571025113529333

0.93115495638480161
0.93225891494747171
1.5672104254172565
-0.10076457401816893
7.8237762127122371e-002
7.4433537703446295e-002

1.9396241149109845
2.000927916304847
1.9250311102771236
-6.4899733922974379e-002
-0.1778808704339265
-0.15543931976537687

1.9171069353825354
0.33625754490582405
1.5695596477314413
-0.2165394282324552
1.2637911893258384e-002
0.3044652720389901

1.5423781919650776
1.8730649412900728
0.69232602036966495
-7.1137735855368131e-002
-0.10551106310404498
3.3775612598726391e-002

1.5891513799083863
2.0528251698826021
2.1207070550275917
0.23809056180434188
-0.19041405708538378
-0.292627906361003

3.9202914704810778
0.85102883766315207
0.25850243091969238
6.6303170893823093e-002
-3.3365470826245858e-002
-0.15296447029537152

4.0995729831248031
0.27500878810650048
1.5954385031294578
5.1784810711506625e-002
0.21840771775956561
-4.7816077597365052e-002

3.4096286372733799
2.3492763654612516
0.37272034088261713
0.21240725351785511
0.10757784299172515
0.12076829382588533

3.0448774949567805
2.9242013094098978
1.1803499319847739
-6.2490997045230298e-002
2.6456544758296421e-002
-0.21463139396836781

1.6491263308613278
1.4198050135763196
0.67850240957510566
-3.7882865890616395e-002
0.1871927973960508
0.22794741305554553

2.8977983884756218
2.2300139895931466
0.46340081895133117
3.9925838140309963e-002
0.16028776284170845
-9.2764206612107269e-002

3.7366990829361679
2.5202488135135006
0.20952378770560046
-0.16648035470789538
-8.5360212543842129e-002
0.12426998559141961

2.2954419302553895
1.1435558709878908
1.325901235846553
-5.9230571882465041e-002
-0.15987774514851924
0.10424024007646832

0.78392402209250556
2.7198242942416582
0.74228764941907754
-0.12750922006312657
-0.14306024492534619
6.648232329283997e-002

2.2040909990438005
2.0715968196080539
0.426223125118667
0.31941959411618986
2.4188506550958094e-002
0.16519942778529575

3.4667376635663287
1.4709622727114302
1.5829396791234882
6.1273177413419116e-002
6.4351330755057362e-002
-0.16238153281000947

3.7260577767430827
0.59131567004299801
1.067059049408098
-3.7735543189371841e-002
-0.14468515700363929
-3.6848221202689803e-002

2.1280140160341237
1.0863858315581127
1.0098809196256651
4.1786282237233956e-002
3.2780233769348445e-002
-1.4885388873681247e-002

2.04392498138303
2.2149190325598735
1.2673598123410379
-0.12969100011166962
0.13154972070368226
-2.7165795271426017e-002

2.8459622633442949
2.3264246082129971
0.81532841585460558
-0.1842417308418127
-0.19840390346422129
9.2442065750089314e-002

1.3609846185830463
0.27336707055125969
0.57016766218764592
-0.17876009683084404
2.3933452078205353e-002
8.0141801612833879e-002

0.50261009652938804
1.5276076917444847
0.91535735603024193
0.16755266286942477
0.27356000378174994
-1.6225232066820954e-002

3.8800387713284001
2.6032744986199918
0.60114632579356952
1.7884011897074066e-002
4.4357302488644987e-002
-4.4670619018751863e-002

1.3656659834153106
2.2577455887510736
1.6414303251201146
-1.7246626574934882e-002
-5.0177285117788947e-002
-0.20352258048929484

0.89648919527581694
1.2510154209318869
1.001425741170531
-0.20872049221830333
3.3030900128722056e-002
-0.12793744882056984

0.22431389601004131
0.26946807885026935
1.1017082023501326
9.5407282651682711e-003
2.4464707139278615e-002
0.11059739484668403

0.22015809758841645
0.95599856504501057
1.9305100230694663
-0.31268850447680946
-8.1293053639208621e-002
1.1997297669213685e-002

0.72125230022150166
0.94235081234336904
1.1218794770714413
-0.2600899387137145
-0.14983001902173185
8.6994945206654659e-004

2.4996768328132313
0.87421924369045012
1.5222191708326642
-1.7210992949460324e-002
-0.18832212026187975
-0.16246618582952463

0.51063115290842909
0.63636183720164963
1.3857704071215324
7.0981654206951211e-002
-0.19850658948171673
-7.5354308332178543e-002

1.1509832832488378
1.4487692179547902
0.56929868209618295
3.7924221765834043e-003
0.20999087174124104
-1.3420564137882162e-002

1.9395721241233317
2.3588142764737543
0.43939304907843169
-3.0104823382095292e-002
-3.2170052410683755e-002
-0.1929962945019903

0.83963418462987494
1.6381296737179289
2.1535848887779196
0.23464077262750951
-0.25221724540282014
-7.2593294909088918e-002

3.2072839102128059
2.925596144094599
0.85791071584899492
0.1745096992289141
-1.4335972021029101e-002
7.7143518773713476e-002

4.1067743038600426
0.91746199849149679
1.4061862287704214
5.2922391210024088e-002
-2.0509776688856882e-002
-6.6038904371857374e-002

2.1507127301361724
2.5848113348668313
1.1592035554904701
0.26119442799611714
-4.1136245239154989e-002
-0.29157998495964982

0.79363374063885317
1.5336150472585062
0.33927279925135712
8.7362968151873346e-002
3.1872084705863141e-002
-6.2420993188894894e-002

0.85356602465871334
2.4569226579372336
0.48230742298858387
0.12846644120140105
0.1892968883180822
-3.594765853130024e-002

4.2202473712600028
0.51597584362943305
0.20233755364677694
-9.6533278743716228e-002
5.7311939573253957e-002
-6.2948499750517292e-002

3.9799687188891517
1.0710067751679577
0.72107905023702334
0.17931720185059347
-6.0279632333192085e-002
0.36733696158137019

3.5061218224915893
2.9362303279114284
0.57577737268764939
-4.0729267576413632e-002
-3.0422275522113115e-002
0.10992845652636826

2.6465410747575384
2.6661873985160991
1.1881807377480413
-1.2687158292567948e-002
-0.15169625879490289
0.12593226053733178

1.5860004118594757
0.61767420495980474
0.91848768987108353
2.0458848315494646e-002
0.14477483151144882
9.9681323009063773e-003

2.5911953282986806
2.3320109423502142
0.55499094311201602
0.33371791568117992
-0.20766376710966972
-5.3611756873993145e-002

3.9595417759161555
2.9540939106609718
1.1333974333813981
0.17111354310576565
2.2293951340284506e-003
-0.35693234431786969

3.3599798668775525
1.2354704553937037
2.054216757643387
0.15637872617779328
0.17777099305623861
-9.3971141654132881e-002

0.50721242054080307
1.6703213304866722
1.9681525674997113
0.21989013599386703
0.17750519484598004
-5.7453029254675887e-002

0.34163816565192812
2.2040009238929734
0.97644369422972033
-7.000338488698532e-002
-0.16439779559664972
-5.4953021498222412e-002

2.4758952306412283
0.89200807433785101
0.97984080631100112
0.11014577806909176
1.7392760024976694e-002
-3.2000121744427269e-002

0.53921706661893698
1.485187381405451
1.508862586354893
6.8620260246870082e-002
-5.2980912031116704e-002
0.19951355143721108

0.83134489350164598
2.2860409914013244
1.1478618816322459
9.6803096602573344e-002
-0.10344862312955298
-0.13877046823710054

0.59040305047007735
0.87894212216181233
0.52173423700091881
0.11379190631117225
0.15780940900858123
-0.21586284539557751

2.6234124400687766
1.492446002880218
1.3297425641701768
0.17916212628497116
2.6662527136503533e-003
-2.0596503228489004e-002

0.25065036258034318
2.6332576297587553
0.81709313946951434
-1.2956238653437499e-002
0.13636011127894537
0.14290541712702332

2.2384352824997
1.3687766349385004
0.29443571729508122
-4.4024560622742522e-002
6.8295475535318064e-003
-0.14919264413110167

1.1955954628407621
0.54657162139511695
0.71498663441294141
-0.10494955993056616
5.0909803797885358e-002
-5.7979061951898645e-003

0.88646084639510137
0.56486147551840982
1.3344690601991696
-0.18958577921015918
2.2983530119079922e-002
-4.0672406152699687e-002

1.6638488350178042
1.7292551098301254
1.8152915110577532
3.9381774613655419e-002
-8.9670660979648195e-003
0.15193055595275987

2.2908105034024047
1.3667127371751997
1.5957005168384775
4.8007286458966215e-002
0.10254472209141408
-0.14434652784296528

9.4444889676370131e-002
2.2108174994969367
1.5780961298068692
-4.4311195118070919e-002
-0.32025769824980704
-0.1731188102149655

0.44529669236055441
2.1397500068586819
0.62421773377641421
0.41137652008636783
-1.7878497257521272e-002
0.10061924568330094

3.3080909625640618
0.74889112988104856
1.4796254118188925
-0.13518707778016165
-0.1695401791487478
1.0097335042907699e-002

1.3404747978492548
0.905824123279383
1.5466165745443416
1.1357170049217732e-002
6.1168693850018926e-002
-0.1194709060090141

1.1247745229656834
1.5180032930002505
1.648405542195986
0.10586715450276614
1.3213686116068215e-002
-1.793319037088514e-002

1.8397352507669726
1.3310694158128364
0.99240529529959165
-4.7748540958414937e-002
0.18915555305862944
9.9966687097031645e-002

1.0807579914635999
2.5909945918584811
2.1251641815315905
-0.18928464772393819
4.1102362728309312e-002
0.20434559650630538

1.6720238819997899
2.6032771589126167
9.1515785837948935e-002
6.6661167960172199e-002
-0.24350391992005438
8.2062575903910473e-002

3.4895837502576361
1.0873813742496057
1.5773552450115385
0.14928717540120495
1.5970211182383811e-002
-1.7533058024095046e-002

3.1207550049752926
2.8423135953297618
1.5585904477128985
-8.6580526424180931e-002
-3.2853456293193785e-002
7.8924036066628206e-002

3.9981885143361082
1.6163561373572215
1.8594911619010732
-0.11342384909726147
-0.23057552944367482
-9.2576186343794095e-002

1.5701397198787794
0.62628702000354308
2.0517508208668325
3.84840147035512e-002
7.3606834724539355e-002
-4.5692130710105455e-003

2.0949465907834428
2.3182744010130492
1.9600493421174354
-3.0361600407383112e-002
-4.6845742397891174e-002
-0.11671355727747114

4.1042342391294397
2.5160297776953184
1.3507800303765418
0.10888780638251715
2.4190953614777994e-002
1.5999896655103416e-002

3.0160639655273793
1.9883703837197761
0.73475333027550482
4.4047664650959328e-002
-7.618552940806228e-002
0.13292199481327341

2.5713408603473673
0.76054181041136448
3.3156507849273659e-004
-0.14439934463069021
-8.4218037684487476e-002
-7.6139127423873215e-002

0.47440948116472759
2.6476435365163651
0.5053784445982662
2.3925891907543403e-002
-0.33970385615679188
-0.25036814885102271

2.5977015204529348
1.9513367289602539
0.46584715735405524
5.1075980048419456e-002
2.1744825287368649e-002
0.14167923195146387

4.3010190168986782
3.0375159127874189
0.26923403922231215
-0.18713441819597346
8.8738626375977583e-002
-0.15717049548896767

1.8772621276177897
2.9118158003727874
0.53124697705877766
6.9596482647450051e-003
-7.759062070304984e-002
0.28379970191723408

3.0334023509643733
2.8881518135042863
0.55186700261148958
0.18294062557892241
-8.3535046949656834e-003
-0.16364022773878265

2.4831824253971932
1.8479483049177265
0.10535473652192907
5.2408233615088992e-002
-6.7506316706389971e-002
-5.0614853577357821e-003

2.6603894374302235
2.9759103164170786
1.3677715690362071
-1.9378687191450156e-002
-1.8966928610248152e-002
2.1884483776787714e-002

3.669891004965959
2.2541974758332115
1.7645257406729231
-2.7385802744892551e-002
-7.0656273649909063e-002
0.15311609395977499

2.4431944380651247
0.3179133731954491
0.57995473296978206
0.16430227989072513
-0.10141697310657952
0.16662788222357702

2.8029494750834725
0.8507026490923616
0.29552747277042374
-0.1068603373533267
4.1613454148257463e-002
0.11009418683477946

2.1836945190973047
0.86678033253540754
0.7111311968270182
5.7107749223616236e-002
4.9403058835609158e-002
0.2725828001597605

1.1241498647067545
2.936516641277918
0.24998856531373928
-3.4971702633948963e-002
0.18251165727634264
-1.7641136062419596e-002

3.4402810978876071
1.8934458094406041
1.612226754185264
-8.7879332727995627e-002
-0.21915825602269745
-0.1044658348904554

2.5073677556605003
1.5481303073648123
2.0132346650816695
0.20488572880510067
-0.30316410675645755
0.12383937671963259

3.6745199844186573
1.0668691391861631
0.12031168447062308
9.1986922546614558e-002
-2.534481384074171e-002
3.2385864958621108e-003

2.7591965575947217
0.28405222791307227
1.3052656400815215
5.7221070975313593e-002
-9.6869796966026489e-002
-4.6145124351448675e-003

3.7717362016168132
0.83436329315634739
1.3646558863590916
-5.5922421722640753e-002
-6.6142388329003257e-003
0.18533163245647108

3.6264953913468276
2.0206095081865332
0.97097170726956472
-0.12328866351665518
0.12160519623597218
6.1421321139576143e-002

0.16581689126762153
0.34192354490798516
0.72206010671919141
0.11779014978036578
-0.14716354136380502
-0.1280674099179365

1.7811532930458471
1.7297469225811493
2.128500351820108
-9.9000861994464534e-002
-3.8554124623613246e-002
3.001271348565672e-002

3.8681878574244233
0.39369483443045483
1.9157397767131172
6.8461524971958732e-002
5.9257190324864081e-002
-0.17217736145532678

1.1204431916073814
2.4470830729240203
1.3889765907970835
-9.7805117268915609e-002
-5.1390342489744459e-002
-2.3145287184787221e-002

3.1885097561317441
0.73591104678148278
1.0469805072701595
-0.13169235312256961
6.8832506529390436e-002
0.19225928517674695

0.8242178467910185
0.26234238112253117
4.1838431432011797e-002
0.14850013235162066
-7.3172919799622912e-002
-0.13143611166734831

2.8450859839327154
0.78832831555048066
1.048751770792502
-0.25092138650175511
0.12031896863982136
-0.18503235401097656

4.0617656578353705
0.5649690313666047
1.2880764709188475
-0.12632377016147203
0.17272662320646009
-0.13114665302775266

2.2499341222852975
2.4594552623238508
0.57486093799081595
-2.8019061055150951e-002
-0.11463488012816343
1.1693031195152767e-002

0.67029983919870328
1.9538214117455881
0.15008120060629634
-6.9924724006632827e-002
-9.4762257755623934e-003
0.16017828035849152

4.1411420961806318
2.3587259936650131
1.7438505404912883
6.4993709610717376e-002
-0.18547252911812817
-0.31394444823118139

1.862037382366134
2.024124987191251
0.82370998157082542
0.28430182567513895
-5.2377636471416751e-002
-0.15950472486639039

3.8822256491401568
2.1044660101121146
0.32171641472068335
6.0895176227871661e-002
-4.1530188660434869e-002
-5.2931493321138327e-002

3.9791263282391864
1.0612325995821226
1.1102579302554958
6.0932635485721039e-002
-0.18077661551500038
0.24270519631197374

2.4747842846484649
2.304443336308148
1.7345393778928935
-0.11626146287796105
5.2529802245907309e-002
2.0542592730792324e-002

3.1614264739730844
2.039673548150537
1.4342499734414444
3.0176909933265599e-002
7.4574725715974843e-002
-0.17817980881853265

3.1385741561152591
2.4059150139039143
1.0260990524130054
4.6946556363370393e-003
-1.1661424670398889e-002
-6.5280231740202532e-002

3.3783539039588497
1.1580834089361949
0.39505694004202974
0.21820175692748855
0.1325798208703648
-0.28395003346013081

1.9107024423651404
2.6433296791737306
1.9527739989197028
1.0369954043978816e-002
0.50470094805625854
0.12735620320000723

2.7729989059463427
2.9583344843128319
0.31600098651827951
-7.5428717583705576e-002
-9.1538236221839417e-002
6.3090296446278296e-002

2.8543319270981087
0.96934861325377009
1.88539129599624
-0.10984869379863889
-4.2755582263874693e-002
-8.1769000699973032e-002

3.4614537240133956
2.3811171117148282
1.1405522324228257
1.5133288334156534e-002
0.11292155142103574
-0.14809427437878089

3.3734032089646555
1.9315259629985853
2.2234884151745543e-002
-4.6193220670566526e-002
0.15752512789330914
-8.2981411548983336e-002

2.5289921117963234
1.8652378347627903
1.172306377227488
-0.30085852469868501
5.8231606808120687e-002
-5.2597987475832775e-002

1.3718359167246903
0.272632208882093
1.6008169972799335
-3.0026587342395151e-002
-0.17427630694342217
0.11436738836373063

1.0886897063097034
0.96463422346083694
1.222351148930382
9.8297252605323085e-002
3.1933092539153732e-002
0.14473318473104635

1.1037388771268848
1.3831975609679923
1.9952005015859735
0.22605773562158452
9.9440678526124468e-002
1.4256872600426891e-002

2.5000411211470106
2.6315223015529705
0.82511952869275584
2.0545448127688423e-002
1.9924631475778713e-002
1.0737120328001473e-002

0.13506725983162682
0.63336467667797702
2.1397522025869837
-0.25113928863350177
-6.1898673486211295e-002
-7.8822255146216352e-002

1.6220883640592119
1.9431900513838323
1.2565540575810012
9.9681551938617774e-002
-5.6288969542136871e-002
-0.17604393465731907

3.8396032978653047
1.5510646474618681
1.5406688691008608
2.8745479996111122e-002
0.15622037021686094
0.30853461181457947

1.8382696887418866
2.2777235474093325
0.12501891206867377
9.1498224092102939e-002
-1.2900766189791123e-002
0.10699897466846947

0.15961153343004558
1.4291992225450945
0.7908283875250296
8.7292503158573467e-002
-8.537471958019089e-003
-0.18010089620393646

1.7424313982238002
0.98728510251047852
1.1705925124925673
2.2047063804441106e-002
0.12229377349022452
2.9432539877902009e-002

1.3163657498467947
0.42842296162510246
1.0705560093023307
-4.365418939415619e-002
-5.8251038641086064e-002
3.0400084982294347e-002

3.9162308376791399
2.0147886071733421
0.72149143103615609
8.3512049147167672e-002
0.17897746858880001
-5.2790310874191219e-002

0.2504495823570867
1.9757075623723079
2.0251593414682629
7.343169926707685e-002
-0.10965401516157729
-7.5125171804355684e-002

4.0521435225152151
0.2389219692629479
4.0466814420659296e-002
0.16064270160976088
-0.20274923429284444
-1.5637149874741848e-002

1.5367571155804383
2.6367489291128434
0.93922682559375004
3.6929496561081354e-002
0.22567705433020371
-9.2164115342537031e-002

1.9549949857189146
1.3132447716278701
1.324671274638539
6.4354045475513225e-002
8.3737649416015913e-002
5.781681095369598e-002

1.0842143881845192
2.9113587043824305
1.9602001842261205
-7.149607654654605e-002
0.1372518163500992
0.10135800784524289

1.3469425935835588
2.9684709581583149
0.58207528805154651
7.4548085329033495e-002
-0.15416743774700176
-2.4921826413142244e-002

2.748521588734159
2.969008628807265
0.92585035388710046
8.9587812374852138e-002
0.23390490379885509
0.33198153857465701

1.8652891876990474
1.343151142596632
1.7253005129630148
0.15443636807140024
-1.0936048623178722e-003
4.5971490698477641e-002

1.6725726369889122
2.9801520554347771
1.8809229909308163
0.15217766953811437
-0.20707408179380937
-0.10538774401147477

1.9128581661406376
0.6938911786433144
1.8417511254282399
0.38214353231260639
0.17317017757636302
-2.995300064132882e-002

2.4057452411451794
1.1919796653357186
0.69186772143483444
-7.6957032733868336e-002
0.14850569152878054
-1.6325786660773101e-002

3.3818036795193045
1.0138515112511903
0.75709733326268902
-0.38482532258935853
-2.0407435691569942e-002
0.20047622369457588

0.89665441521711775
0.50443218500164333
1.9293632694420846
-7.3699794529508741e-002
-0.11112546861538813
-7.6302158485900299e-003

3.6249873421438243
2.0595637369124535
1.337709066817093
-2.5009930629346592e-002
-5.9749652392309657e-002
-0.12962401265443124

3.7968766927893269
0.28371831044405743
0.78463167786222587
-2.6306225948899312e-002
-0.27561379253941792
5.7145487721916126e-003

3.0047421639013652
1.1096949624233978
0.12226247343386461
0.27925069703300864
0.1270796903285904
-9.9840185924367192e-002

7.1555529209479551e-002
1.8469918578911912
0.16621899113844982
9.9249097314831544e-002
0.16274504957851824
-6.4511954763619411e-003

3.8517412014885635e-002
0.64017727245663147
1.3914671312345153
-6.2077963343509249e-002
-5.6141710568053865e-002
0.11618451290041178

1.7019043954201973
1.062032438874198
0.62974766506334479
-4.9470184199271079e-003
-0.31340396464096898
-0.20695682796304005

2.4312301204540634
0.71820433987491616
1.8422839912363662
6.082802723448609e-002
-0.22521070679898236
0.20631700514438459

2.7099530343213463
1.0749069722615281
1.2654547549740409
-0.12519559205314479
-1.898263319901411e-002
-0.31009060380039882

2.7575778696548854
2.6369988627866738
0.54206645938332165
-0.15200126492441995
9.6134056169388873e-002
-0.14776362763055556

1.9711345910737132
1.9460302772904079
1.5582635216359144
-0.23436493654194096
-0.12632325116811755
-2.3898482257958001e-002

4.27366073650321
1.6952590137586592
0.59701833055612519
0.25121970092984969
-0.17090275946534594
2.4647265142100316e-002

4.2655479987891605
1.5583028301986646
1.1721407785511568
1.3465504042938045e-002
8.0552282823100813e-002
7.5144138163561774e-002

2.2360012357649448
0.69765668745134768
0.41643319744337565
2.3094915471138955e-002
0.17831711101023809
0.10268060971729022

3.4025784773582841
1.8788328200005189
0.7140763075691603
0.11661802812896763
2.5628574192192961e-002
0.27787293331586488

3.8424149751865762
1.1644381302251492
1.9812262122383593
0.33010937217862291
-0.23732336177972657
4.1956676270136196e-002

2.8903978482956667
0.90041305836634755
1.5118490196307872
9.6695069518920998e-002
9.3162479604984111e-002
0.13633682146628145

1.0215817047149978
0.32582852068491774
0.3375695558390579
0.18542286350015674
2.9598423177076921e-002
-0.10072151117124233

2.9673386620735758
2.9612653336603598
2.1370595380115023
-0.11863793229978166
0.14168953457598266
9.2223563407772421e-002

1.1798870483043344
1.4144747721301245
0.18289439391117243
-3.8280049880651451e-002
7.0703172289194233e-002
0.13477027844970318

1.2521292962147343
2.585578258744007
0.2906340513392176
0.23010741924789765
0.11214430206675305
0.25945207668377107

2.2598854933470571
0.59097031366855712
3.7242668205405977e-002
-4.3803354335073381e-002
-0.1182125584744589
-7.7770396175767739e-002

0.5488620616167964
1.9379082310608176
0.98086610688509779
-4.251491454229565e-003
-0.14424546402118782
-0.13567568901514029

4.2737397363988912
2.9177602576722776
1.8344449064247386
-0.12202611419190308
0.15446482852803828
-3.9586570379980979e-002

1.7598536549400867
2.2655681901635787
1.0766889798245909
1.4237771068868954e-003
0.17727463668578317
-0.1595342800412308

1.0509309065677415
0.68706366099130167
1.2396967707626119e-002
0.19645494101092265
-1.8767516228457733e-002
-4.743893584707809e-002

4.0718624775970458
2.3249309284817286
0.66157984827066552
3.7234875501525974e-002
-9.0736656222610887e-002
-0.14095417826955592

2.4909778701173506
2.2519965758988261
1.1459505141706812
-3.9703710666251961e-003
0.14422216065108187
0.14534243235538966

0.79533236664978546
2.6386656791618401
1.9007815970242787
-0.16795251549854209
6.8931284804016699e-003
-4.8959354832176977e-002

0.61416285715929098
2.3191281151682248
0.21478458811854206
6.4787838415625867e-002
-4.2879129906643491e-002
4.9518713613315384e-002

0.70471825930308463
0.61419305103346178
0.17538993767685096
-0.14950659509747463
5.1671882199491453e-002
-0.13999186741338193

3.7151604067986255
1.7763898929996578
0.11546581511397246
0.12639239049691511
-2.702759289296261e-002
-7.5795629801124517e-002

3.7611200246039473
2.4272486532598605
1.4037561275561514
-0.18476550161982574
5.840984567093177e-002
3.9109270506876063e-002

4.0658472878202956e-002
2.7616076478373648
1.0862943222501151
0.19891661862145069
0.11770105476749469
4.256370360286911e-002

0.1644493198250061
1.407266043164078
1.4398350642309226
3.9206814862968897e-002
-1.7998572223190352e-002
0.23049279596017863

0.86063651791328899
2.0998379210799083
0.59796964163854482
-8.0402842732321039e-002
3.6613439357558279e-002
-6.9790575584181827e-003

3.9119126823013608
1.49906298205068
1.162614649221587
3.797232166065638e-002
0.19726957904834871
-6.2128130997850986e-002

3.4985867441351912
2.972711060291533
2.1470503839114818
-0.25923105613222286
0.19918739817903003
-6.6839392815623219e-002

4.2386839781032775
0.85409894287631571
1.0285938940837684
0.15763691492511167
7.6120028184225058e-002
2.7653718108810961e-002

3.8384631899574586
2.2887272303063249
1.0688400871681445
0.11528806678089781
-0.19632391802763205
8.3160149021894947e-002

0.70360767065764451
1.9548117767974607
1.8370669683086693
-2.9778443457250791e-003
0.12538637060681362
2.2063145818627106e-002

1.1925434289484669
2.1077598369092074
1.9667551929144855
-0.4157689342790209
5.1008692516597114e-002
6.5395223553285323e-002

1.637053922014194
2.5963042812902128
0.49845862867709839
-9.2601441382365854e-002
0.11424197415900361
-1.8044164654849433e-002

0.47676796174258301
0.38490933181135278
6.5414078040848492e-002
5.4951951963264252e-003
-0.31740667977222653
0.15078578109273727

0.55978067532475206
0.3388089593549492
1.841163131692501
2.891151659831075e-002
5.5087156004896269e-002
0.3703277501950511

3.5589868753538094
2.6434379174291669
1.7243549357658612
-0.10992488136902563
-8.7461702784901452e-002
-0.24937637520197878

2.9345924163073271
0.67712433032467412
0.6784763363513443
-8.1361775806622044e-002
0.31937055923225588
1.9033623453245479e-002

1.0418214879702068
2.97750616347831
0.84412069767124853
0.14500103030535819
-1.5996758984229763e-002
0.14542040000604681

4.1344924247081511
0.98708804114668247
1.8800689444850771
-1.1965876533506318e-002
-0.27387575518649449
7.5158429347342723e-002

4.2196822008410937
1.3457871723935835
1.7535503499440941
-1.7615488096356671e-002
-1.2541647473226685e-002
6.6800545111100007e-002

3.3495349446898124
1.3315343438729037
1.084866898922149
7.5110492422630917e-002
0.13487768522475055
1.7527791337583379e-002

1.3507852371918381
1.1050463537166262
9.3973590991594164e-002
-4.3341630028289488e-002
7.614929917948364e-002
0.10382509872092102

3.8151461278001766
0.53415094799608143
0.12836089032869194
-2.9682602804117848e-002
3.2614536422687704e-002
-7.1904734113830998e-002

2.1048653989636139
0.2599660598520287
0.79302283912196869
6.6163532267250955e-002
0.23623319602412399
-3.6663638224683139e-002

2.8937006898776936
0.28994439626271373
1.6746525369049403
0.22053829140742298
5.6280013012264138e-002
-4.2452756294365235e-002

1.3559671857856177
2.2941057987241442
1.0400247053505869
7.0376180871506336e-002
-7.3645095493418772e-002
6.1915503826934427e-002

0.46182738896167264
1.7491716271699316
1.271595433175593
-0.2519619001102496
-7.0696457694640683e-002
-4.6876710638895071e-002

4.3073991139270715
1.9496532313173967
0.92917028627957787
-0.16252563678642659
-3.4772956341340859e-002
0.10362416242069812

1.9252699920216416
0.67662296346292738
0.57738468591498715
0.34664532310070101
1.8822050586915409e-002
-4.9275536369755631e-002

1.9897880538818384
2.6858762788433936
0.31054977735970207
3.8159750152165018e-003
7.2930965699115877e-002
-8.9451244025306451e-002

0.23304285722736379
2.9411310783251627
1.5008190165523041
-2.7966733175293874e-002
1.3505309162990368e-002
-0.10946371661713022

0.40239881353902845
1.4990884615194855
0.5079857196337394
-4.0428310809285189e-002
-3.1119767328927666e-002
0.13398504590101365

1.1244499966237347
0.70998830879571362
0.39502099172469707
0.15632943946855157
0.16085259397240717
-0.20215416121686761

4.0222079830943329
2.9596988340019488
0.51592312783562899
2.5319639834274842e-002
7.6953103969083822e-002
-3.5164019968409517e-002

0.68234842689168873
1.0071747013232071
1.8130946331297584
-2.3952638177686322e-002
8.0334079707157655e-002
-4.8344748869477122e-002

3.2658347316772911
2.9306577941332894
1.8757274363617431
0.19905656832243024
8.7368794347789918e-003
9.6306986090112859e-003

0.12670601482576146
0.61694245195857622
1.7813240793121901
-9.6208411357681448e-002
0.21481081152062367
0.11426053388024109

2.5246409270485843
1.2038192976296702
1.9017201657817908
9.9058282702769659e-002
7.9492335373651524e-002
-0.3204777513760812

2.0840845119808784
1.6306650196120713
1.704226009016683
7.7145686307321992e-002
-0.12715496967436038
4.3863523125637427e-003

0.99239772191698006
2.4600508696055341
0.81540119523891474
3.4848636014255395e-003
-0.17388340130771959
-8.6972245184022259e-002

0.51426005742935865
0.22207384011251896
0.81652428074619954
0.10700804344911383
9.4709239894448932e-002
-4.4343342683935853e-002

1.1424109645780136
0.55783889293651523
1.642526194003185
0.10704425767302723
0.48398636037413245
-1.349685189422766e-002

2.9269146764675344
2.7759206240131458
1.8505809312684125
-0.11058776948415903
0.15263517633637025
8.3079290667662217e-002

3.0095748993250635
0.63793013656285913
1.8597016564004745
4.9413950105878596e-002
0.25021649964811454
6.2099288020618829e-002

0.56747389417797833
2.4500357008837175
0.77820391822287138
0.13613577666368257
-6.8854355996457423e-002
0.31437592909001655

2.1903004298882487
2.9356173481006103
1.3536341916143948
4.5150397951934824e-003
-5.124384735358372e-002
8.1042711674691362e-002

2.4397254164503495
2.9691024862006414
1.6191643401235305
-4.9133010629383217e-002
-3.2925413864904121e-002
0.10819422282874465

3.5677245996952025
0.94927182079667338
1.9272805896634304
-3.7797586650231182e-002
6.5908663008090403e-004
-3.0817891396077678e-002

1.8642812419003443
2.3590378798209257
1.578793213018598
7.7141458879992603e-002
6.9439883699731558e-002
0.25229514956032484

4.3169934959093856
1.4948324061997575
0.32996055688276915
5.9236424527637173e-002
6.0661444992145694e-002
-0.12310117715409095

0.67059474379839346
1.7912364654389401
0.55700154242908384
8.6069369700584888e-002
0.11564341634188886
4.1908795051216793e-002

2.9505196215346294
2.5259194274929331
1.3740062035484608
0.26652754581999233
0.11759063363241952
0.29855280401689177

3.2644703014957148
1.6379679540727656
0.94471121628895727
-0.28370086021705854
0.2533688374251834
1.2417363603746645e-002

2.9091866515846578
1.7348102883619141
0.93393076356812643
2.51862638419551e-003
3.9175299416964807e-002
-4.4457925675849441e-002

2.0394039252177634
1.317314528871574
0.64656974282822555
9.5782438903521311e-002
2.819071803050769e-002
0.33223868420320796

2.1820438533125892
2.9509222511358746
1.9504838177692061
-0.10661807220580367
0.19682297195947207
0.10783984586703609

4.0679541084351394
1.4968554392807341
3.7005939149248976e-002
-9.3930993525474567e-003
-7.2775343613591489e-002
9.2240458376962708e-002

1.8724306417078949
0.59460249283373845
0.20531258704545186
0.26763176417646029
-3.0446390854684827e-002
-0.19127216328740201

2.1221764999065766
1.008930859016278
1.5874145235562489
8.9953827151956781e-002
3.7297750579271205e-002
-5.0401670503458028e-002

0.51693645301135438
0.94281746453892346
0.10432838317835197
1.2030094625291088e-002
0.11001992829068198
5.4123622019356728e-002

0.16953297156358987
2.3513721056770231
2.111367713121286
-0.45639001035726195
-5.5119927078560171e-002
-0.34184932015072089

0.24370408079741304
0.34371510079527035
1.620865442458459
-6.6025245137414521e-002
0.38240696537483954
-8.658720065410333e-002

0.49801568534857182
2.7113472059995112
2.1012756632051412e-002
6.3801733979599484e-002
-0.14849524650089899
6.0047056628687513e-002

0.86752527646390654
2.9124304583428318
1.6166352540595672
-7.4665382259114215e-003
-0.39409787916150224
1.3338290512443084e-003

2.907310376797684
2.0872473941127971
1.0879304660106801
0.17385666358161761
-1.021317512550219e-002
0.11209098193448562

1.8244564144141602
0.27074552590390516
0.54211421232542267
-5.1936203501145591e-002
4.4131106388216594e-002
0.10089072780572048

0.45576175317869033
2.7178511690464338
1.1294031057614107
-0.18532009084150164
0.10270905388063158
0.1882339830981582

0.53303424912680608
0.22774147987070087
1.3219932667696361
-9.880515581763924e-002
1.7790176205335309e-002
-4.1959043026760803e-002

4.0068035745735173
2.2857325599348637
2.0901750440903246
2.7512878891026598e-003
7.0728833112953124e-002
0.187226147233647

1.322573850764128
2.4415812021747709
0.67735454439494225
-0.2390143214339176
-2.1320288371155356e-002
0.14069402756432056

3.6919903501187954
2.2332057803303962
0.60531506799553481
-0.20943518166169989
-0.3730624818183032
0.19152313341151966

1.4160981331435509
2.4039434405087325
2.1460800705779626
0.1822566980611818
-6.4247841426829946e-002
-0.22174503427947803

2.9872158792846393
1.1093071657756219
0.57078597364571115
0.26778338400504903
0.39796639460092315
-0.12950778790073991

2.627361890357232
2.0386957760565654
0.80682464211637905
-5.3077128392105891e-002
-2.5375899896588703e-002
0.10724646114977895

1.2636314762152048
2.0659896595295626
0.52226391143510376
-4.5111507409563552e-002
-0.10285853346415008
-1.9699998765270638e-002

9.3839895685915983e-002
2.2026172671597899
0.56128531701483841
-8.3229945974693895e-002
0.12033285640475622
0.18167797358003218

3.4488462884167372
0.35559963787462717
1.0098485082134683
-3.0713767926684666e-002
-6.7245633408993394e-002
9.060642029396844e-002

0.3721196648532285
0.62654314797031241
0.71190552958253139
-0.11962821794558863
0.15907017753032646
0.15574130901257355

3.1355819619661442
2.2622662392635489
1.9744607846408122
-0.24884372112713662
-1.0459506335965879e-002
0.21566356025797276

0.53785427993165624
2.9184728831730755
1.8502027292206786
4.2673326228721102e-002
0.24622292962223741
6.5359156861065179e-002

1.7139390338595837
0.96608690482870341
1.5021418952123635
0.13651578174377341
-0.12118305662675924
0.31046008047432566

3.4846879542233662
0.35562258628836657
0.60867278335541664
-1.3044404797301186e-002
-1.9682052632706348e-002
0.20142986991722284

2.2212594689499205
0.54283749220623301
0.99483796537262792
-0.10253555290957315
0.133895517901405
3.5187198260533009e-003

1.123731209227226
2.697949493619118
0.57784252954587279
-8.9475386396342615e-002
0.16544080210321677
-0.12001613715849561

3.5777233172963645
0.83894305919714052
0.4010900260770317
7.1568158160617901e-002
-7.2386324033420615e-002
0.14391762509815428

0.83418510797303902
2.6468883844638298
1.2493656463749743
-1.7691041082764262e-002
0.13632372108262536
-1.1296891287136939e-002

1.3621993663635457
1.8390864607906303
0.20342527672957542
-0.34983583229148874
-0.14852878279653309
-0.10476656488524151

2.5412608933334613
2.9253702024897743
0.63222902100435585
0.1511414304430303
-4.6754133595256653e-002
0.10933457322506694

2.7932596410275203
1.8861161994254672
1.3980689095967263
9.9357321871414897e-002
4.1077782865492497e-002
-9.2517591557798248e-003

1.7300787793889507
2.3512552466749668
1.958823847343619
4.0539524528436399e-002
6.4547524116901595e-002
-5.6183830977830918e-002

2.5408501355493125
0.62962305618641978
1.2713737172585462
-0.15767003307215108
3.9872989034791445e-002
-0.1526943780566849

0.86613935073527681
1.1150451986258887
0.63373674535574387
7.1706947664055526e-002
-8.6966336129364122e-002
0.14622934695937095

3.060169152662048
2.660227010537346
0.30749308378064016
-2.52500614165664e-002
-5.2692577780661894e-002
0.18555220125624219

4.0201572094292573
1.8905607581065302
2.0814727497994903
1.5542728983475675e-002
0.28963033260390442
-7.7082697307825493e-002

1.2669918129367572
1.1675763994306025
1.7585647571986238
-1.0329789323333222e-002
-0.16732934801674795
-0.16791011769147088

4.0181241656191462
2.7001823054839038
1.709317467782691
-0.10031383280140721
2.1133025542004042e-002
-0.16343197761962283

2.2155987956391678
2.384444071288041
0.19022719116944869
-0.12302413845111489
-0.16598718718033792
7.5702850643849786e-003

2.9323022861771726
0.37176939927063746
2.1459340873723161
-1.8812251369422391e-002
0.14825650642006888
0.15814105617716379

2.3255275364178205
1.8405539940381606
0.84459113515572382
4.2941874335635982e-002
7.3034862186661803e-002
-0.10416887691659425

1.206594305281304
0.31999782015908979
1.9143624627733236
0.24036886946519295
0.16151613220535985
0.18599178518297413

3.1902865780220302
2.0156626831871391
0.4272213747639762
-1.8592152796396717e-002
-0.32445632585766532
-9.3592029198563673e-002

3.5202564059230106
0.28621467871827044
2.1090361539899849
0.20004933859279445
0.27293141121146991
6.4264996833386434e-002

2.5362676216633884
0.84606792762587135
0.61563123538573195
-1.198793627672567e-003
-5.3304372056319722e-002
0.13987463596922342

4.0578985151758316
2.6641381162195721
0.29445787556573122
-7.8027227291625881e-002
0.11070305671274304
-0.17429026956892252

3.680637137263068
1.8514551824107262
1.9112798434080125
-6.2211975088174326e-004
3.7088465294365477e-002
-0.13239855492673869

3.8540590755427746
1.9258827868598773
1.5683807778452212
-5.1362974722327377e-002
0.11205027268447426
-6.9699190401490543e-002

1.065895093266777
2.9419223975958468
1.3261641338874979
8.3326568759014633e-002
-0.14861707998019674
0.20786214303233011

0.63136572082695341
0.59456127768424261
1.0057940247210087
-0.16055228835753263
-1.2242147035458041e-002
-6.0570711455014817e-002

