128
3.0112793897959662
1.4037990349514831
0.41083769796620551
-1.8532974623184671e-002
5.4897464521790904e-003
-8.7053314270325588e-003

3.5237785816249185
1.4663016456427476
2.0559493301038758
-0.15267876888275053
-2.555469320728776e-002
0.14885370396335446

1.5572021613354123
2.431016633569659
1.9500736888799495
0.14177630976254452
-5.5337513056323718e-003
-3.9288890743302093e-002

3.2135593637620716
2.475656735221925
1.4571277689603539
-0.12378437776642723
-0.14065689336310533
-6.2688491869186923e-003

0.10952417480328377
2.2988447393460194
1.8978712804524067
0.16764657313099482
-1.8385187936990951e-002
-0.29473394504562661

2.200414933888136
0.56876883580688509
1.9365899000456035
1.1611791798222698e-002
4.0114314152746557e-002
0.16848801158931986

0.26729316552389476
2.6995262570956751
0.80540274071912055
-6.880889913541921e-002
1.1126703650630084e-002
-8.3735625432728181e-002

2.7395287850214634
2.0626979093882243
1.0253641211070177
0.19556064593025257
6.6636347726278716e-002
-0.20753317017535844

3.5031704034795164
2.9835909687450699
0.55529723674669762
-0.21730872741576746
1.3455444825026544e-002
-0.12068418008131174

5.8340319134216133e-002
2.6814993030978735
2.113966294013335
3.3179557145893213e-002
9.4581824281792487e-002
-0.1362567307830046

2.138888981451188
2.32137284543052
0.67165943103436621
-0.10038725734563086
-0.17586064111590161
-9.2051458558553692e-002

2.4888303419073416
2.3774815423064886
1.5959382761756935
0.19430844778594228
0.12424047526403904
-0.12279189803836704

2.257912033795566
2.0535830161294011
0.43304962706231698
-0.10524259327735322
8.9040629067591338e-003
1.545793796950173e-002

1.1041796475746255
0.97114866181264603
1.403226849914996
-0.10975553896314623
-6.7311220681806547e-002
-0.44536071903049745

4.1363948586456374
2.3700645864643031
0.48382386569834773
8.858157992175518e-002
-9.6141137390334683e-002
-1.0870698116884406e-002

4.1375009530508429
2.2548024214559925
0.17440461815682995
-0.28589348705997625
-0.11719784420542434
0.11078249570515547

0.24589096940539656
2.9625327763616718
0.52416907065463181
-7.2292211336379045e-002
-6.8609062896616932e-002
-0.1357173659057393

1.7088778082816471
2.937901036739019
0.86555868321835427
-0.11618325888235717
-0.16605398199683422
-7.8047139865127027e-002

2.5899076866466215
0.87340532611816668
0.66408048229141903
-0.34971327483610493
-0.19684963674243927
-0.16951469386617646

4.0571701898475645
1.1116571984997285
1.1895682777422143
7.7466143007549546e-002
0.12875806855308736
-8.62092125057312e-002

2.6586668079302207
2.9790439816823748
0.81192995129390633
0.34347322049206525
-0.17192119505245948
-3.8151116266878435e-003

4.0888166742737946
0.57108825001212105
0.26104146235488368
0.11525591623801398
-0.18913419888555991
0.24317905990120375

9.2135586770307421e-002
2.6098379742267546
1.1297363890415089
0.14560486176054915
-0.12969691481491896
2.6877521918690247e-002

2.357480410296751
0.71497416285422521
0.12654262758765342
-0.13972111906754406
0.24900435360543058
-3.879354434493041e-002

3.6415926226679556
0.92337545662231768
1.1279397465091243
-4.1125667340992725e-002
9.7561397311493436e-002
1.462254354161829e-002

3.8071269686033808
2.7400886455532927
0.54158740386349902
0.14263170505233741
0.17877945237345805
0.1256317737520308

1.8732264132478538
2.0141933611251335
0.59628241676390537
-0.17579918590554924
-0.10899087817314287
-9.5638233113721272e-002

2.4107687168781595
2.6747739182698114
0.71767468312530092
-1.1660491808006648e-002
-3.038040234782171e-002
0.10151305742907395

3.4763862084714758
0.5866238130491952
1.2502005043193825
-1.8934360888693817e-002
1.214062355359174e-002
-0.11597327051693822

2.9404848625155475
2.35826176917561
1.0940602845307521
0.23324382335773478
0.24781840683709003
-0.12894413853216752

1.0641038013805333
2.9657858810085846
0.77362018612285188
5.4948111994600188e-002
0.14309681425139897
-0.22568365804325774

3.6713633923272431
2.4401904991128154
1.164420185169379
-3.9099317988023213e-003
6.4402766126971517e-002
0.18623714383581541

2.7497263023456728
2.9236240698308893
0.30815249331209066
-7.6557381640793537e-002
0.13245710730233745
0.16011394135094037

4.1651650472287036
0.99162353968616646
0.75878622055258438
-7.3133321790960798e-002
3.3041808271189591e-002
-3.338237389861147e-002

0.66533274062060233
0.75607129347748703
1.7021053099971979
7.8744546751946073e-002
0.1519095533949846
0.10153605066393392

0.33439834636633808
1.2961024908102647
1.9996635679200143
-8.2132401631621957e-002
4.7959595567873312e-002
-4.0695770770722901e-002

2.368154104013235
1.9615658213149978
1.5426274547762826
0.12562188364934032
0.11527301677193724
-4.2781107769846789e-002

0.49082358997556835
2.6325487322999566
0.50840723249710484
8.8650108379853248e-003
-6.203323568912307e-002
-8.9253661149238772e-002

2.4701148767953418
1.3875420707434172
1.7980203171876479
-0.12526736112787917
2.6225060585213959e-002
0.2604285181811955

0.47090134052741078
2.3000668697437208
1.300443124850585
-1.6136578200114174e-002
0.18075539656127024
0.10747527026279372

0.56855260892567638
0.60898995060421124
1.06144244830084
0.32413675186675711
-2.3463704341318763e-002
-4.0238312697236836e-002

2.381158252922329
0.55301915971983595
1.266582570174797
-0.2095847787881169
0.17773000116174847
0.10577356064440548

2.6941798223303457
2.3628485261775376
1.936935748041428
-5.7736332366522501e-002
2.5477564030048507e-002
-0.11834872094243346

0.17716011147465049
1.2991807813917366
1.4506370148778636
0.21972838297340883
7.3193320521478186e-002
-0.11222851449141558

3.4401465870047008
2.1409777593518786
1.5121921250085582
-3.229572760531222e-002
-0.20909811040801352
-0.13314380472411438

0.74602891790753345
1.7001400507278603
0.75479296704387588
8.0388158405180876e-002
-0.17746799274634981
6.9334835268695869e-003

3.6280890649158208
2.8451448414028868
1.1165417110196587
-8.0348142582232038e-002
0.17929663789969216
-0.11510994718179905

0.31552813569381066
2.5901429488444516
1.4179874578385339
0.22861425979512995
0.26419356621641177
2.5011641727043659e-002

3.4042764047489018
1.5866845236510174
0.66319908317030485
3.9777310353079375e-002
0.1424261705540919
5.9361890016804253e-002

3.5451874086037169
0.27839031423684857
9.1125017659572614e-003
-0.38804401769770674
-6.1168500640415138e-002
0.1786853216486036

1.2068983870097028
1.5977452813659112
0.86005707217720528
-0.19099379866944957
-0.39302192161851823
-0.25122004376481855

0.26700815847852144
0.34061142532147637
8.7853282616196361e-004
0.15750121049016225
-0.10447113398550656
1.6251908107019455e-002

3.992036122648511
0.29878040697219022
2.13404980269758
2.6729682570467771e-002
0.31327820709015841
8.3015595187739877e-002

1.065549520697723
2.38299159528948
0.75582523026474147
-1.1845078075805734e-003
5.9668167889205433e-002
-0.2051681042624994

1.41882741466885
1.3795470631289974
2.0602795117803496
-3.1758352293924557e-003
0.11284241326509976
9.6764149657514731e-002

3.2273188372819939
1.0138654302701549
1.3190858673559462
2.1030380800673168e-002
-6.0041144240880695e-002
8.4986218285888968e-002

3.8385184595273421
2.4409912755659788
0.29433476814630682
-0.20476907413486145
4.1329966907744729e-002
-0.22017174304723675

2.8569829142859176
2.3629366563205321
1.4516946669594757
0.15836221627613151
0.19074350870036569
-0.11628432895300198

1.5920137494020348
0.33331662076488688
0.77824345711172882
0.19981368475738157
-1.8198904359596695e-002
-0.1212175000785924

0.14409639679578001
2.3756200834932426
0.14147146246893832
-0.22562706714537617
6.7640655243626988e-002
6.0888708269882304e-002

4.1746258688864808
2.2651744573400334
0.93721196623534941
-5.006629349495454e-002
5.5835086417463708e-002
-3.8888821167022206e-002

1.5403546227203262
2.6540924424483934
1.6509836175605646
0.11856115914420379
7.9898377282826533e-002
0.11167535857659117

4.0899189979600563e-002
0.59263054353172762
0.52609321194452452
-3.0749432245538506e-002
-0.11198572636920552
-2.0290058947163313e-002

3.0397912288471267
0.79958185394136738
1.6728900323437832
3.8405275632010107e-002
-0.16166786260743984
-4.2612608044666288e-002

2.7895824379041043
2.0757710690815214
7.9494676419184923e-003
0.27722316040869449
-2.8710216068168936e-002
-0.1584783327933629

1.4084588996675191
0.33320690248569718
0.42482070340998918
-4.258818139341821e-002
0.19687649510035057
6.443223859483216e-003

2.1016307072371592
0.35832976476373268
2.914927793870814e-002
0.16026785611450309
-7.9604960626451879e-002
3.6035037575162784e-002

3.4320375306673867
1.783779196629155
5.3519209269510103e-003
5.1340462195564769e-002
0.16626667476764584
0.27697386604643165

2.7811213539348434
2.603092943963266
2.0315094279710157e-002
-0.10797657680691763
-4.8442154923161403e-002
-0.19027296069578467

1.1759834461732268
1.4807245727054485
1.7907390682554778
0.11861174483476471
-0.19150272104392527
-0.22206619612427353

1.1808485826987229
2.4032366430272902
0.39037944291972299
-0.13835507532283031
0.29339763786639178
5.8704997436798606e-002

0.25147249659785242
2.6586765645319894
1.7909564100760125
0.26073752775471964
-5.0991071199723376e-002
-5.0359661196074282e-002

0.17790199843540394
2.3690466777738113
0.77504708516947129
-0.21868741283886525
1.7824310772881831e-002
-0.17403958762558316

2.1990129757145103
2.963798558077849
0.7688518262799503
-7.8052000348256809e-002
-0.29289018815926382
-6.4013366675046562e-002

2.5593174097678775
1.7540024837990214
1.7475037174142138
0.14532205367694287
3.818455789528994e-002
-0.1054811353652422

3.4562143333099762
0.2762492558551925
1.5842254951230992
-0.11973710187889738
0.20440960366438729
0.15223002778343811

0.62997185365737196
0.34204392715644816
1.2486285449948691
-3.1095440010185781e-003
0.12704471708512691
3.8162929413763223e-002

1.5241769215326155
1.7610746069506287
1.7767424182138272
-5.7076231479993786e-003
0.12857185397169318
0.11065969001174791

2.8262087537780971
2.197259896540765
0.38899075153648965
0.16396400170695474
2.5713944885900775e-002
4.2346937471429744e-002

3.9078600671510921
0.68535128961007463
1.1548651893157058
-2.2145123781357405e-002
0.14633516737006957
-5.5350516957279002e-002

0.85319784751739858
0.62939444928478616
1.4213457546970489
-0.22204235657875368
-0.28175605430127726
8.4200833024878248e-003

0.11935925206469399
0.98643468632585263
1.7344797030273933
0.10422193850273416
0.18477495177312003
-5.4255587711981169e-002

0.26066652939461682
2.0224422891907063
7.9548648573479028e-002
0.28277993724176997
7.9692481148312802e-002
0.22258327745451381

0.99134327165326597
1.1638584922529964
0.65616533889255291
7.333028191042737e-002
0.1546648878812279
-0.10076115973852304

3.3560226468810033
2.8543800917733861
1.367832423402384
-0.10257387584383056
0.14031779011881274
2.441089835707512e-002

0.82299692796481227
1.5431224507754664
0.39868307692044069
0.16555834872858058
0.25994487986580411
-0.18885769925720372

1.0057984947181708
1.0978676667808367
1.7276222356533277
-0.15852411274826986
-7.4029077648129105e-002
0.13627447164118484

4.034700676066743
1.9638665334283187
1.1415591168026697
-9.228042658791142e-003
9.54423782860465e-002
7.7070785061781791e-002

0.94796462854637908
1.6677191396786959
1.6030698446547635
1.4769638373320973e-002
8.6451018651965958e-002
0.1600879622114795

2.2984700070498265
1.5443095537101477
2.0928383614754966
-6.8989012535773359e-002
-5.0416403048558843e-002
-5.0358916568528846e-002

2.3682531279218368
1.5772277464790272
1.4410282533816929
-0.30725724315985009
-0.1854736751129388
0.15128231493580011

1.8856955755307785
2.533504638506515
1.5283336957930966
9.6876323696085537e-002
-0.15624925329981118
0.10027572065376489

2.1168739303975155
0.29722237127452983
0.7809230094028613
8.6546274357237857e-002
-0.33092137596682775
-8.0440910874109733e-002

0.58620328665803378
2.4350214022186898
0.22968208527658215
0.13119335540700675
-9.7976362330303379e-002
-0.29639594225924887

1.4711476393707563
1.1467441795868958
1.0540363041254384
-0.11584785174526969
-0.12485445480664425
-0.2763951141582095

0.69059731138006331
1.0106355703544496
0.78621948273283104
-2.280018636865077e-002
-6.4602922744468494e-002
8.3173030219502175e-002

2.7474386314206569
1.9237820845535711
0.66928093307492009
0.11094618413557499
-0.26360998570129762
-6.9530678895012771e-002

3.0123355963889598
1.3954584780741854
0.98492267967119063
-6.3516188042786179e-002
0.11659760986426849
4.0666430801495387e-002

1.6282679026121811
2.9069114527049718
1.8805586632931062
3.1165272086397987e-002
-9.0704974618818004e-002
2.7546198199081575e-002

3.6569531314448103
2.129243588029134
0.88776976542637609
0.15622660760611909
6.0253827943106672e-002
0.15923278313036934

2.6658017372812135
1.4757346636037303
1.2407334794725828
-0.14307042106158041
4.653345050637743e-002
7.5707166296642314e-002

0.79463369811985751
1.4279945939420735
1.8259469360458607
0.15216952315522669
-5.3146684510712874e-002
0.23264805121181598

3.8349504489345927
2.9532117775162612
0.84796473159483743
-2.8879617585822064e-002
-4.1603704088953843e-002
0.29777343716937749

0.52816185387125403
2.9632847088002268
0.80382543698370879
4.3305039553532557e-002
0.18202403674043308
-0.20525423231966944

2.1726506429728367
1.09115354722032
2.1323680182826452
6.592043607306837e-002
0.3093494572009674
-4.7165999733420283e-002

2.2331194795844156
0.93396444139384716
0.6213739029400337
-4.3305731480073287e-002
0.29759844187766571
0.22679730877985749

3.28892471743166
2.0680359908247983
1.9638738008090855
9.6784491815803009e-002
1.4109053678357939e-002
-4.0186142425907519e-002

4.2893175630868985
0.91026234974890963
1.3876821792640555
-8.3733728980484187e-002
-6.6867982524615177e-002
-0.15267025709096751

0.51106071928947017
1.3194180391105725
1.2996374661027916
-0.23424796314122914
2.445496854140659e-002
0.13056191069517872

2.946543079585239
1.2731686924124745
1.3348322077543662
2.8376659799843232e-002
9.2200899003359135e-002
0.154619914119661

3.4645009396140796
0.83654376083900639
1.5018146009896429
2.7833669502606156e-002
5.4878875168990447e-002
0.10969253586212402

4.1337252268207871
1.2107625030152958
1.5782894335233584
-0.15686806384343907
-0.21169888227056097
4.511473875946314e-002

0.33237243515741016
1.6578627124984517
1.9839599615154986
-7.5331346773801558e-003
-8.8921701650655847e-004
-2.6352043427362335e-002

0.2668699053332218
0.25071703657623928
1.074515804571134
0.24571958097934052
9.4765417050884829e-002
-9.0202818373874574e-002

1.1372474861943482e-002
2.960107678764027
0.24756021429077782
-1.7068062956009503e-002
0.12525673121703523
-0.13030883401708634

2.2653396906382195
2.3812984669481594
1.9370666148771762
-9.2152661440259936e-002
-0.15522379955561935
-2.5510020611003163e-002

2.7676292744588693
2.096127466447768
1.6511039626141706
2.0766718832269174e-003
0.1603805813168846
9.6087132726702051e-002

1.5000774894483579
2.0564793224183542
0.96984857662617041
1.7698515394864955e-002
8.1866338724780413e-002
-9.6799289283910253e-002

0.506974442453198
2.6118313693707234
1.1257556108747331
0.14303357029985037
-0.26244978072377911
2.6791007618591038e-002

0.8021201735036273
2.4109179058346175
0.51684100824302781
-7.1066880644666611e-002
-0.10292726855222217
8.2144443049558993e-002

1.6701125204882328
1.313327815982964
1.7487454706140615
-1.8139565106403327e-002
-0.13781020533583221
-2.3884984022999767e-002

1.7894138589649129
2.392550532117526
6.9571716268417669e-002
0.12200459275491594
8.6173232163197305e-002
-0.19666221226542113

2.2971138095183479
2.5536458325109845
1.05763569400975
-0.15745600157831027
0.21897273139442266
-0.29885040509190686

2.4851329123316592
2.6670715121884974
1.3661315500246476
-4.0222435002633963e-002
-5.6469845241858031e-002
-4.8986663530212651e-002

4.0453331429104784
2.9700551642976127
2.7021146621323735e-002
6.921054050983541e-004
-0.10786949018234947
-0.21186147270488809

0.9023144326117859
1.8474670111637952
0.20945558883212689
6.7138669533943318e-002
0.20078468998217347
-2.3811115434304642e-002

3.3682832076366731
1.8123261461614135
0.35489267199716062
6.9013385283578116e-002
-6.9240064111964719e-002
7.1835387990457564e-002

0.71020978994946071
1.1563849954152845
2.1233041208560595
4.1289286340209702e-002
-9.9883189348384024e-004
0.19481161308701553

3.9121081860135174
1.3582494000964718
2.0933270602325145
-9.942235222534572e-002
-0.15378306794805624
-0.19179333111891178

3.2213223784098886
0.5817498071567595
1.497102313334381
2.9317308851143604e-002
-0.22642139930530883
-7.2459277974029984e-002

2.5848250601618643
0.39586916501897546
1.819502570763192
-0.31169877627056169
0.19816527067615133
7.5815770639072709e-003

3.7616988719416415
3.0141153032175172
0.27902748549155254
-3.0596073910448794e-002
-3.19370951461884e-003
-1.732725602758289e-002

3.2392230273215867
2.9970489956929427
0.25702609865086939
-0.16235177861165356
0.22774122223120824
-0.15729965861083234

0.18662198779973971
0.97993968130827536
2.0827821091293592
-4.7559935953680951e-002
2.2790693765961063e-002
2.8299187513341335e-002

1.0726671803683452
2.9317805287529453
1.3323849535906802
0.24711408602522786
-5.2606059388417954e-002
9.7509740752342658e-002

0.87581903084560264
1.5200418852235615
1.03218722386178
-0.11420560097441747
2.4540611350016051e-002
0.161869562299017

2.1163508817658712
1.3598719217783588
0.19244897000923045
0.26169884307683006
-0.30952970538464264
8.1303609114093622e-002

0.26850194577773034
0.56199148767671192
0.86323165818405478
-8.8626813220279866e-003
0.18462078486264116
-6.6021981523698481e-002

1.0671390779492504
2.9875524136562102
0.27667485996291064
-0.16556756558575561
1.552469636229919e-002
-0.10674057706225772

2.7986940701090952
1.0516426979067761
1.7006226819222368
0.27567563452503674
-8.3752870763772774e-002
-0.211879304915678

0.16134433906561946
0.60592554579331448
1.2691780738329939
0.23913962567793826
-0.22954131146992335
4.1768827527112931e-002

9.1375517217732224e-002
1.5019957307845144
1.113598739324948
-0.15645946356623708
2.7870402757571966e-002
-8.0754706137942722e-002

1.9262290294591062
1.4922913886335951
1.4798272971161526
-0.10231367728364346
0.33280437001730456
2.7920703520233021e-002

0.80571825854240486
2.9771295451493494
1.6123873127206456
8.3381550424231871e-002
-5.7163703673731421e-002
-8.5545721709771302e-002

3.3930265749495043
1.2861866956927115
1.0515237617172086
0.25425883921571929
0.13623254808706445
-0.10610458790811673

3.9993009031345044
0.3086511102881796
1.7242202451393165
-0.33038768277444636
-1.9751365463573676e-002
-0.28561132802042505

2.4345306425544724
2.9533096437580668
0.48820210393501956
5.2915037281066953e-002
0.17697462882448983
4.2154537851007944e-003

1.9738060136258573
2.9955938358887475
1.6001826793522609
0.15939582576968409
9.6348012801655059e-002
0.14145331272277903

1.9034334057343227
2.2776938084615397
0.37608482770810298
6.1304880366417319e-002
-6.5764033359871923e-002
-0.16794745959908819

0.18522526958331553
1.5632413868012582
0.29247723773734502
-0.18028649008912392
-0.32540967361313317
0.14358607032236329

1.1085801068746017
1.780947594856944
1.2683961072450314
0.13724259359601551
0.35014463459002876
0.34271441817043313

2.6809988840171211
2.6605327829046108
1.0143239259980972
0.16422414684104195
1.1842893613350699e-002
5.4530671206440826e-002

2.6730652334892575
1.2258262184692412
0.90095052545605214
-0.10357071524910726
9.724525264235076e-002
3.9748375523770531e-003

3.6996281913127462
1.9487044440789447
1.2592699603983499
8.3160870340921719e-002
-0.17703865783410908
9.3110272797229859e-002

1.0567274079481679
0.55599664075722821
1.1465116839587373
-5.7458683947389046e-002
3.0845081614879522e-002
-1.7788400689953316e-002

2.4012234884239185
0.96704732765562296
0.95253731635192718
-6.6088188670425402e-002
0.20281270183906855
0.13311519467556576

1.8971755968325361
2.9725268081408385
0.51623148532640872
2.9343917047821653e-002
6.4815916745512786e-003
7.4645123410913821e-003

3.0726478713439587
1.9979927799814603
0.43331515020243538
-0.15015013793936979
-0.35335481201533697
-5.6159667346750854e-002

2.3986933001318
1.0090290950205709
1.7468289753039994
-4.974047105920075e-002
0.13570213067196965
0.16646128128936916

1.2785898123159525
0.5906139117172422
1.3954337040535407
3.964236157757587e-002
-3.8887447859289465e-002
-0.19440647220019408

8.4984165154478833e-002
2.6567195059617719
0.48967101155763437
0.10602987442447546
-9.5472969738107163e-002
0.21555042128818186

1.9118712728684482
2.6926396248931765
0.23746640196809446
0.34943604035093312
8.0680698127286232e-002
0.13831123536772127

2.4364174505652976
0.62929948308036832
0.43763366598258568
-0.21436310396191369
-0.21459286450016499
-0.16076686611820037

1.1035671213822198
1.2311498609649829
2.0813249423796196
-6.2578735416765494e-002
6.2838358832728744e-002
0.32233000405847334

2.9682558882032741
2.9658631343193385
2.1586924768005891
3.0088712267446149e-002
6.5835430970534681e-002
-0.16301051251722842

3.7819773714444604
2.9470982951205373
1.3956275920399395
-4.1346235919783168e-002
-6.451491787210667e-002
-9.0916974883588866e-002

0.64543699202804672
2.0681593086646668
0.10152139237290249
7.4485547338999716e-002
-0.1007871210724417
4.5190299880377559e-002

2.0411482980355142
1.3150509785325091
0.53190138108968932
-0.21746906774502603
4.955971816115029e-002
0.15459827091290909

0.16264179427474904
1.981098844082523
0.89385519028058402
8.2343868684304891e-002
2.7747048601230017e-002
8.7088732190058415e-002

3.4633846992489592
1.8453387928857685
0.9099946754695698
-8.1967764696427702e-003
-3.0790651424556097e-002
-9.2931840000635244e-002

2.337926068506865
0.63447478112623545
0.85601107434322188
7.7867083445230703e-002
-0.28654346561645083
0.18971919912523949

1.0335041500963991
1.7719685752612839
1.922932800333859
0.16214607157092858
-0.12284798446287243
0.15317230019659853

1.7284180696646712
0.92240132540272968
0.21148683900156204
-5.2371793882713964e-002
0.10081549794917989
-2.9182905822664251e-002

1.4904778784238388
0.91618390097628866
1.4383887651865954
6.1576762166961939e-003
-0.11391874737045321
-3.0571755247986828e-002

1.5717205267125063
2.3854853708381905
0.73210236397629147
1.4067507745849257e-004
-3.6562419508415572e-002
-3.3189499160807732e-002

0.31614537496720707
1.2948259358715013
0.93559057337095519
-2.8823449495291774e-002
0.2561575006796093
4.8095850531358264e-003

3.4162534504146791
1.2155749326578906
1.6754877521451155
5.1317967043851796e-004
1.22549641874014e-002
0.18853355652457277

2.9039467219056974
0.77392103688760761
1.2830880193886616
-0.2577654951364905
0.14020099396113522
2.677293579777516e-002

1.8308895736616506
0.99899907041259561
0.55067262837671183
5.1295979451339201e-002
-8.1950264318876503e-002
-6.8160846760314919e-002

3.8058969107392353
0.61503625242767257
1.5822076689113693
0.19295071207040559
-0.27303875666831273
6.2305567117680337e-002

3.0427267493829984
2.0610926171632284
1.3234144490683735
6.6706886420051625e-002
-7.365214192966681e-004
1.3678552911449095e-002

1.7431228424412459
0.62074034538676548
0.53257304560503416
-0.15274159506743201
6.9796546785514876e-002
7.3057626047139841e-003

3.2971695587402614
2.6826080597068129
0.58879052069957982
4.9062753209680315e-002
0.13678805153911594
2.3239877172310592e-002

5.0180236651578176e-002
0.59075668677897353
1.9388423122642033
-9.4484119197021987e-002
-0.23273044875722615
0.1454617661554414

2.5305966778387887
0.76279671052758624
1.9392646929137058
9.703428233234597e-002
5.4647848572997197e-002
3.1676035051007995e-002

4.1865604907596747
1.2179047035269472
0.29368194367510936
0.18615779982048808
2.5515833638986439e-003
-8.8846919468422755e-002

4.106088560118005
0.25915124910502352
0.48449821608110205
-5.9813650414698057e-002
-6.3913630073083011e-002
-0.13244836570681678

0.8529362484320665
0.20840691115289328
0.61898001063661889
0.14229288345394514
0.19999548622847421
-0.16853858157729409

3.4118315631840952
2.3738801891450216
1.832873834866549
8.2588575255713892e-002
-7.7762350858192816e-002
0.30196578405503838

3.0466324884495761
2.6108375105060007
0.82174917179291074
-3.1617367765357646e-002
6.7905374598186227e-002
7.7407503010867074e-002

1.254054100518373
2.3974999019689305
1.5576489284962698
0.29743898014538533
5.1231252506182559e-002
-6.7425594496862079e-003

2.4052787546322341
1.8645615682277046
1.1446554708156813
5.3541608637704859e-002
0.13151159669406121
-8.0860423706305251e-002

4.0478292132340989
1.5559408026769705
1.8053192519462131
-0.21762364166803222
0.12545536307661118
-4.4696447817908193e-002

3.0493363034997358
1.6608103211488305
0.65816054939827595
0.13124843675186526
0.18719124231550005
-4.4423979977149183e-002

1.7637002299407984
0.30421282109355502
0.18626072070077468
0.11848344416853418
9.2671798685784221e-002
-5.5995029699407305e-002

0.29215506620672893
0.36491812684230812
0.54638513002127898
-9.9040617724221028e-002
-0.10577696457631418
3.1221163961792722e-002

1.974119299163688
1.6676526250175066
2.0803862350876239
0.10782183130716826
-0.36466239933209837
-0.32194243282264562

1.3136731384796398
2.9711915839453344
1.6201158963249089
7.8789054099018305e-002
0.1029098081193118
-3.5814905256343357e-002

0.82176490780095046
2.9253378665478986
0.54244452257530473
-0.13717687450987953
0.13384818599139009
-5.0722354696804361e-002

0.28356061096858842
2.9346551740170193
2.0974400807397968
-6.7877835691031119e-002
4.3457558979044436e-002
3.5300385683924324e-002

1.6362924469820006
0.66448572927718186
1.283503277989182
4.4900743462635895e-002
6.5782867329891137e-002
-4.1344503250793516e-002

3.3449525664519877
0.63186692131912703
1.8296744239854132
3.0013635797143255e-004
6.6487694227058587e-003
-0.12745737982129912

2.4617096484345447
0.98622475847098212
0.31418087284336704
-0.15323379475811266
6.3937204212380569e-002
-5.3663649540708298e-002

3.5137923747188231
1.1172514227991759
2.0636956184970447
0.22046745079637609
2.6704843014286831e-002
-0.16661351771204796

2.1766769116887859
0.22513357845312226
1.8570981873562769
-4.7278059735044745e-002
1.7976964023265308e-002
-0.18959421131626225

0.72152969724509908
1.5380086351234727
2.2497861016391577e-002
0.17209077023571973
-0.21843286324472944
-0.24937549978177553

0.35034641437489916
0.44832528961177254
1.7519524275887495
7.9888342977734603e-002
-6.9106955880587184e-002
-4.2249233989951583e-002

4.1710012639595115
2.3589109831998756
1.2893749300989363
-0.13519801759595049
4.973029920999187e-002
0.17822977454527614

0.67374343908132994
0.70053823634452128
9.0142148111113832e-002
-9.8415828026105517e-002
0.22731450484419718
-1.1637116613559926e-002

3.7584290248425933
2.1530512254637109
0.52313070021278463
6.7150453109745475e-002
-5.6704332659300027e-002
-1.4734325097636907e-002

2.0839641139839653
1.0183506798618249
0.31134132436196865
1.1736255000491128e-004
-0.11499923597982235
-3.6668899388681064e-002

1.3082115610000493
2.4019598373903914
4.5902706448253172e-002
-2.0359855091085535e-002
0.37844951508179342
0.16451509457698496

3.1200402980010402
2.0911552298173035
0.8953103432161601
0.21830254653948528
9.2156027986162306e-002
0.14494358982334637

0.88851268862088217
2.3621557686960162
1.6823059910525611
-8.9654464261722855e-002
2.6987945856338132e-002
-0.19297356883725081

2.4100912931782918
1.3441190306922872
0.43128588406441803
7.5702362901380396e-002
0.2816193392593464
5.1629746558123635e-002

2.0940774742472517
1.9582319722136761
0.90109441828837433
1.3479320813115585e-002
-6.4066841946167019e-002
-3.8095784280978373e-002

1.8336498049467129
0.64446193315699529
1.8800401293205533
-9.5605922275750366e-003
-0.16016344044754618
7.1418557369537358e-003

1.9264332560658064
2.0150923399617007
1.0863820854903594e-002
6.0221595480463033e-002
-1.7918622143897091e-002
8.7401041033927235e-002

1.8908890873592279
2.9457451336903495
1.6097417066607268e-002
0.14282406052445973
7.2209099234113422e-002
-1.6402568020096771e-002

0.53415656494597508
1.7578092462280919
0.1791119899151192
8.0395915047877006e-002
-2.5140028358568801e-002
-0.2149598415505537

0.5868863907025561
0.27892424568845847
0.29773852810467361
2.6294786948869876e-002
8.1078101397689839e-002
-0.15513354131760737

3.8288210625782018
1.1936308667781683
1.7935485130776199
0.29313016135372777
-0.10797629027327484
6.0918627680339094e-002

4.052559103410263
0.67827985431852578
0.64930487336135578
8.7588091394412967e-002
0.14597324559352684
-0.15648568606147445

1.0586543206333943
0.27196704568269092
0.3121237154094349
-8.5482390637500755e-003
0.12793662324429372
0.12738702694299131

1.0504459775983455
2.6672837315488707
2.1429029217725328
0.15459998037620992
-2.8539026625246509e-002
-1.1092755068353742e-002

4.0913192941355137
2.7003999638018681
1.9391081001220887
-0.2525391629766478
1.6475345633502756e-002
-0.33391934126611483

0.4153722682737081
1.2496624835275385
0.52294391429846554
-0.24672498422262623
2.2297821792499925e-003
-3.9349996483165152e-002

1.9138053171945466
2.4762461765113883
1.162066063260367
-7.8437566431998451e-002
-0.17536436592897003
-0.1833466884125021

2.715875190378815
0.69139424003768513
0.11082393565002231
-0.11394439061780899
-0.11801789713710242
-0.14819648385599177

3.2311757748617991
0.28279829775256671
0.29937914711775948
0.16523336734989774
-5.4954791887135264e-002
7.3619396190126446e-002

2.9946175411459128
2.9056632464297887
0.61215595124033229
-0.17689864625010623
-0.15866932478114185
4.9030972608606702e-003

3.3107207002499988
2.7038755103121015
1.6934829557653681
0.11310585646610789
0.13439957903784622
0.2528646769025355

2.1551711375286642
2.6316667270782208
0.48049177872346971
-7.576961197036991e-002
0.14392779473192172
0.16098661385744253

3.1221025073851432
2.3324774666789621
0.63299580098822417
-3.6757552686682737e-002
-0.24617202473608349
0.19812823714272787

3.1480274203416214
0.61840436754348516
1.0625437119791847
1.5502784065040267e-002
0.25568514341765575
0.14965398247062525

3.587192883233949
2.4988106495558595
1.5367876130524516
8.4332618118474742e-002
0.31512589799737623
-0.10622368040501928

3.1431261968676942
0.30185252105026672
1.2715262730255188
-9.3279153760373157e-002
-9.2143221695874619e-002
5.9517214861061422e-002

2.5492577187018806
2.3063154067637597
0.19760862957146075
-0.11525296542403586
-0.19770163158798712
-1.6492920480876465e-002

1.0590988532194827
2.716206011908358
1.0184301343911308
0.15144629740191939
9.8098950295891302e-002
-0.13149534059854076

3.766805250824337
0.909494846986179
0.77830037385844686
0.14631337521241874
-8.4155635475952173e-002
7.7023005763383862e-002

1.6327311300561957
3.0029121990352419
0.2715250715986175
2.8477438806590944e-002
-0.15288532795719825
-0.12842955272069265

2.7934531652422243
2.5777173711388564
0.36615254169520262
1.0407693906792772e-002
0.23266517871522532
-0.10973743643495967

3.8916855905264476
2.4356519489747708
0.75100269290879695
-3.0609337510087351e-002
0.20685672868502097
6.6172851015646419e-002

1.5362317291584406
1.1651814812768773
0.471169335247554
8.8517317590149358e-002
-0.19247397139032649
-0.15826695519346806

7.9923030779695495e-002
0.29018826129424619
0.28862448758065945
-1.1127035096221429e-002
-0.1019663455403171
-4.0438077931608696e-002

0.94133651465707069
2.268926906814392
0.1797733215250247
0.14663502603502945
-2.6894899681214418e-002
0.15576198170148003

4.2846936619266822
1.6233334356249889
1.5296930451415196
9.9283824038776478e-003
6.5513408216652677e-002
4.6578755461102822e-002

3.9028468966150527
1.746381317035802
2.2642882348196763e-002
-3.9673840057278545e-002
-6.0329613311214808e-002
-0.46371363223546125

1.5637001208540271
0.59631804248576548
1.6083433344620879
-6.4016521744745924e-002
1.8267484351532581e-002
-0.20745191954207678

4.2109760138508836
1.5128451086199664
0.10322946684859909
-0.17776751151574444
0.14594932461421203
-0.2070620553938049

1.0312548853689323
2.072967876381282
0.46206781253297102
-0.122040005431723
0.39812598109873759
-1.359396697033384e-002

4.3170900021645995
2.0835317271434328
0.54902576606117104
8.2912105842303879e-002
9.3854501758195111e-002
0.25558392626670273

3.2188310241116
0.31859056509011274
0.8617733729663708
4.2337199021505713e-002
-7.5388575302355029e-002
-1.2011241826040226e-002

1.4618019905202353
1.5169398979609763
1.5370817777254193
8.7757719208994542e-002
-0.49974954090126533
-7.2944002646358579e-003

2.0759714459417529
1.1628846910785469
1.5542449295978455
0.1859473618470128
-6.9215062829946494e-002
-2.9734441619838431e-002

3.1034367882601552
2.210555339987172
1.7184726571582938
-0.16382591920311276
-0.16336981774615683
0.1161751267584421

1.4272764358376249
1.6148313524410296
1.1859785878419355
-0.10468519533608288
7.5207633292336803e-002
-0.24098628757713453

2.0475221391632372
1.1000360676654657
0.87610670434591698
0.19393325895988772
0.25850074770030212
1.7400236595403979e-002

4.0096488572493607
1.6307277965654376
0.3608750028460464
-1.2132195126333487e-002
0.2124566978988211
0.28318241913729802

3.2728546278256561
0.8411840122214036
0.17179729328078289
-9.5050138452329971e-002
0.1447451485971844
8.7268042771110922e-003

0.65933950140459707
1.355090670392888
0.77706837720484578
-0.20031032721067824
-3.9883902591299036e-002
-3.2659352198022212e-002

2.0632755190576968
1.7074988268757674
0.60252387887942005
0.33273613127048435
0.46834181537334402
-5.1724215951970791e-002

2.1018575995261699
2.2648682973115428
1.6303318421556463
4.8916930068153855e-002
-1.1597776127663389e-002
0.13673780377049197

2.9040477382392038
1.4487355679122922
2.0346676659538119
0.19293161314380122
-0.10046963780340577
-0.10039782961098363

0.60075400183122518
2.6510690233666407
1.7071657832550873
9.3924104578273659e-002
0.22932946523878325
-5.4939920275637261e-003

1.9352930973037963
2.2775642928687332
1.9378149533629703
-6.0686303346029598e-002
-1.7432723374606164e-003
-5.6302967164274534e-002

3.979700455405903
1.4382121040286497
1.364631974879716
-0.25566239551936515
-0.27566857850983489
1.5519954904173978e-002

2.9822719520707524
0.51460664846097248
0.24913491132762719
1.4049046689696299e-002
-7.6047293955274538e-004
8.2951708915184275e-002

4.2038302797709921
1.1411433205304056
1.947872525665719
-0.13398844093833567
7.9831969659564517e-002
5.5464829505709058e-002

2.6822618458592125
2.9430770104742692
1.374495506877067
-0.11012321051398678
-8.7108554012723625e-003
-2.8404792824010861e-002

1.3533526148157449
1.1773726305163665
1.6751338040821653
-0.10675341319993786
-3.6576712449688152e-002
-0.11514318055402302

1.3879625920337724
2.6894991485911701
0.84442329124562365
1.8161961362704836e-002
-0.15917047735672987
-0.10955584827598923

4.1816189095294103
2.0475937413327721
1.5661592000193554
0.23662332935450409
-5.7035992132597448e-002
0.18187029305584992

1.7675450006103854
1.2957631342481113
0.18814788194237786
-0.23105274109375193
-0.12283044615913129
-2.3649903539255931e-002

0.52766553596199073
2.9409503962752979
1.3995558141388449
-0.43161339015612948
6.6248988967815259e-004
4.1493628627618538e-002

2.3190828669712609
2.0059023365500659
5.8061232369134387e-002
-1.6142538456797511e-002
-0.17149511886193033
-6.5228916953979976e-002

3.0836128548356965
1.7860474471863659
9.1971257060512984e-002
-4.6967682404629417e-002
7.5351114025828961e-002
-1.8048122786286706e-002

1.9477313144348674
0.3284684325657441
0.50115354727979555
-1.6106121367212848e-002
0.12474528539187528
-0.22885590115618223

0.99542403873598162
0.85574818684652976
0.32191623925497265
5.9156599447049298e-002
-0.20004279282928111
-0.13464726626031129

4.2175562477444739
0.58706291540919553
1.5694965276641288
-0.19418017084399408
2.5993646235276481e-002
-0.15109401636323552

3.2203038177707777
0.58416198753162851
0.51193632729884775
0.35927205355627556
0.35121039961992351
-4.5488859269296772e-002

3.2678925946602031
0.55609604482466879
2.1550547164312346
-9.0991791696034746e-002
-0.12331426487240862
-0.15153786193158364

0.68221053379101759
0.50958650758341451
1.9404669938518493
6.3997226425470177e-002
-6.5379326039800914e-002
-2.0170927837775635e-002

3.6425841856345924
0.61695681636869848
0.86599245670715674
-0.2186087886192335
-0.19376854516716568
0.17483140488721483

1.2114451419209575
0.33980467726305136
0.71604425793989679
-9.323619881969071e-002
0.28639329958146797
3.9218539709946626e-002

4.0797224053756773
2.9883307623738227
1.0944486482668176
-9.6775195592643595e-002
-6.0221887144939278e-002
-3.4886484852063984e-002

2.7208845414538554
1.8898002423903857
1.3794567694495707
-5.1081379173420635e-002
-0.10615464981992741
-3.050058937747244e-002

8.8179650334572202e-002
1.4175146222483495
1.7925529261375379
-0.16743620038339066
7.1671493115772505e-002
0.25767596225104883

2.3423805646610747
0.39356362709993842
1.6014692922957698
2.1168112575298001e-003
-0.16381338786751123
-2.3514460187591086e-002

1.6396999386963711
1.2491944540315325
1.3797797892194061
0.2779811048167759
0.24358644724993986
0.18165998437390715

3.6719468258054517
0.65172324105240453
2.1447531444524772
-0.36560121872983875
-0.25172072796671024
-0.1917611933887709

1.557096318892917
0.32691958717197361
1.3999080636428971
7.631008316035616e-002
-7.4796666802578867e-003
0.31147232564260169

2.8258687026456597
1.7210884738478991
0.34078249738039484
-6.5473643476877924e-002
-0.1603495088742046
-1.3643525095723887e-002

4.2975371067168604
2.9808811092451597
0.76950198300748307
0.13901611973141234
0.12543156235491784
-3.6574825209555392e-002

3.3154289636858363
2.590363451015389
1.0937070147700712
5.8324027899516927e-002
-0.21568468563452725
7.2797912629840797e-003

0.53374271486706848
0.2976551393264022
0.812232531290496
-5.0291041204875197e-003
0.28712527406255739
2.6965905795597055e-002

1.3474683132767558
0.28140862136792993
1.0799681945471127
4.6619558258065991e-002
-0.19933930796563371
-6.0557183937049938e-002

3.1083746084190724
1.2821412857725289
1.8261686314729157
0.10384184763319144
0.25937024055105939
-5.7404440367708483e-002

3.3379988097085675
2.9236579030003753
0.87710928383133402
0.18322089009275036
7.5547245845442271e-002
3.5478834433359495e-002

2.1880158710711775
2.0051823394244637
1.8916433326803861
0.3583234292300998
0.17521008946426819
-2.4060792981824713e-002

4.2574812589398325
2.514351572284423
1.6301328181871568
-4.3460873010054246e-002
-1.7093617860283856e-002
-1.0403225127723544e-002

0.79186658242423369
2.9196025818498406
3.2194572951804799e-002
-8.8390549822184042e-002
-0.12355372763477006
-0.17860814679876602

3.4822840300897631
0.32943290240823131
0.63438792205251682
0.20598969718860868
8.5177475318501436e-002
5.0680337616419283e-002

1.6460288268011369
2.9481035439281862
1.4308122383643085
0.10257879111675577
-0.15257280250885152
-0.17362588046367183

2.7194736283641463
2.9618601862395688
1.8703375895223613
-0.23272836713094422
0.10100779906329684
0.33345718400036467

2.0980456390247184
1.8136915367701054
1.3043220756890419
5.954592512011754e-002
-0.16357315019021901
7.9176642448165163e-002

2.8005893967658793
1.4325646062418074
1.6353912245945457
-0.13045520662221838
-0.12495875518535009
0.19355164606338882

2.3643792896398521
1.2751973567713
1.1573679921540456
3.7012086368162181e-002
-7.1571951302580247e-002
9.8488655014778728e-002

0.54677834854829044
2.6758991199675997
2.0659112904864072
-0.21674562630112773
7.979072161090775e-002
2.082172122644691e-003

1.5318323484700995
0.6204081239727588
2.1059312674446895
0.24183545701035017
8.3208617255764339e-002
-0.13399758849609131

3.4485315345740548
1.7458199331595581
1.525991499037006
0.35859883642406659
-2.2023943759981943e-003
5.7655671079852693e-002

1.1293256984447728
1.2554096533740522
0.36567608988563627
1.6749671820635852e-002
-5.7643682383733769e-002
0.12365965080933126

3.6924383014472011
2.0414557103121451
1.8574851507404513
-3.2758842540206702e-002
-0.19437165767368245
-7.7635834695889624e-002

3.478714827971209
2.3934087834626876
0.46421609869556546
0.11928868546929482
-0.12476021815511754
9.2542233124707107e-002

3.2768970440106799
1.4314249814784994
1.4657757547800525
0.14501698917565181
-0.30350719026068862
-4.2877939857276968e-002

1.3468799858361471
2.7065944805766122
0.29237627275795725
-0.14280053914821103
-0.10514012855236805
0.10789953218266547

3.1633709139976487
0.98640227362018962
0.46728503981438196
0.1704478054921498
-0.2083835995728657
7.9627101519567263e-003

3.7776144269875367
1.1956543223917286
0.25454166923341381
7.1272076458830769e-002
-6.2836748915200344e-003
4.855741095012351e-002

1.6548212225150125
1.0722196424696333
2.0485635917079943
-6.0075268239973861e-002
-1.1878775976605664e-003
6.9946586466068647e-002

1.0818968609542117
0.26523015814113166
1.35283075280589
0.28332034288268193
0.21399481793925157
-7.0263007258900764e-002

1.8416865657775414
2.2184163002842068
0.87978391404760503
4.4744372146527808e-002
0.27307623255096092
-6.0973300381736741e-002

0.53655814656529488
2.957994371221631
0.2930523523532968
-0.10196426614658045
0.20772410004084846
-5.872393661533646e-002

3.7121026455585207
1.6996813147055496
1.8543948837242972
-0.36520298473632423
5.3262078726865288e-002
-0.13172887120324492

1.9965292684369096
2.7168781893258593
0.87161070978508337
0.22945276095271053
0.12728552229533699
2.4289331089347426e-002

4.1966268303698397
1.744130809482626
0.88215433737330362
-4.6687591617621308e-004
0.13343919624709763
0.13759037408055588

1.4537995839863789
1.9422256469752126
1.3501873768283497
-0.13985896191148461
-0.30579796952891569
-9.3603310509816781e-002

1.6388155149309003
2.0457151251957337
0.26791656058290186
-0.14722973460249733
-5.4079350607003744e-002
9.0054404744161015e-002

0.43432136208370103
1.3959285425325287
1.6678006325871499
6.1561556918340615e-002
-0.21275308626573919
-9.4483018160340992e-002

1.3227612308052785
1.2925654413367387
0.73447953311658432
-0.12634556780238418
0.1384109222420917
-8.9951054765958244e-002

2.6604511816819629
0.98800415172831946
1.2158638692966908
8.6181787491959871e-002
-5.730809386735241e-002
5.5407793378783904e-002

1.1703940095182619
1.9460829724361322
0.95703264441887914
0.14813134443706166
-0.16295746628662658
0.25173602297507919

2.6839037188870631
0.63537829119001532
0.99251025307770713
-9.7693265120218892e-002
-1.1517187928515355e-002
6.2292521840292249e-002

3.5351448990819754
1.5780586605882869
1.2023548839440836
7.7874265676421459e-002
0.43258402722991929
-4.9088192863763133e-002

0.54458743500870788
1.6221911298685023
1.0442645797731296
-0.13170831434954869
-1.3964825645831874e-002
-2.7264025996368291e-002

4.1740208093068691
0.84774134895127817
2.0357259337507469e-002
3.0777572220932293e-002
0.13863843098728168
-5.4316406157467557e-002

2.9418735041902462
2.9289147845157086
1.0111130795888625
-4.8415682092465891e-002
-4.8808530959840134e-002
0.12564139533185237

0.73530776157166711
2.9338400758568901
1.1059913939419366
-1.0158671885627557e-002
0.16336929805330641
-0.14487797008476819

2.8636765096019063
0.3023139244852095
1.6352889260159451
-9.1896250734001483e-002
-9.4686609025507795e-002
0.18452657608003956

3.8438597094677194
0.31811930018318757
0.74138952287271909
-7.6373965587676229e-002
2.4070061604609103e-002
-7.3878925055888542e-002

0.15963690941811226
2.2466934019845834
1.1349615198038989
-7.3868789472106858e-002
-1.7551954842140619e-002
-0.30198715623201516

3.3084773818611595
1.6478329777303222
1.8175860014586129
0.11505690231149515
-6.1142455619518234e-002
1.921329337681614e-002

3.8041665184544211
2.996234778015646
1.9156769411280663
0.31390494589487838
-0.15448764484218419
6.5692728191610705e-002

4.0500773954629308
0.86875357403750753
1.7207841373349224
1.7437292466434318e-002
2.3203371075898732e-002
0.11228166162291212

1.2476244061685282
2.2085177854224458
1.8869840202819954
2.3155129757256959e-002
-1.3408992004054985e-002
0.17411643682008671

2.1368942585063331
2.7483436870410709
1.3250647682679417
0.16756458494415166
2.2726582209312392e-002
6.1314078926999409e-002

1.1591330821050585
0.82584181664375911
0.79999353722314825
3.0975918269047855e-002
0.27297169471029781
-0.23279410878258872

0.73834489370045486
1.1248610816563722
1.0905912091115122
0.19538602604323949
-0.1835906699495059
4.4656598942808101e-002

2.9226281267526275
0.90159456685458528
0.77685152176991068
-0.15855229657853698
9.5839112591966681e-003
8.7373101910616317e-003

3.6615044244142863
1.5505571223578167
0.25561760205966655
-5.6626143991121494e-002
8.0734493533341845e-004
-5.6328921764161113e-003

3.8218362954295251
1.2830253382827577
1.0208393907093978
-8.3562287399588833e-002
9.4037099315032444e-002
-3.7933251607224473e-002

0.89384700012162721
0.56455018397377388
0.77397406575068828
-4.9130761932193526e-002
0.18158963288948124
-6.2917648537347881e-002

3.5829375148547351
1.2341429753409641
0.75170247237463828
-5.0039373540015683e-002
5.6660713841333907e-002
-0.18664241197135192

2.1873779310983261
1.6814010421104439
1.7515498841345614
0.40147947143938645
0.26190305151784432
-0.24542766840756422

0.12251250780937471
0.31094798259852952
1.452557641036472
0.19530721409461399
-0.15950706587995184
-6.7781509075281368e-002

0.46455961512307192
1.8862407723438699
0.81151257621244322
-0.31413332415053685
0.10482905452620704
-0.12605756219866857

3.6648080697771124
0.82510454752615303
1.8535035995474847
-0.12889054480107545
-0.19154473709398884
1.040420649743053e-002

3.9723466923629092
2.0050780133716612
0.78615851341386667
-0.16776096400368254
-5.8097853392965734e-002
3.8879981195005159e-002

1.308668277357891
0.89385198992878723
2.0129468230026042
0.12979952616893481
-0.16566926968208148
0.11440348611250052

0.58720968154755637
2.9809819134385873
1.8992970204348723
-9.5232370294299928e-002
-0.15823482912749851
-4.8374767602450755e-002

0.89110041269197804
1.348065797272882
1.3724649430428444
-4.689006607103522e-002
-0.3846217450099732
3.6377065450807329e-002

3.9153543504912278
2.4217272225286819
2.0926208222600762
-2.5884358963933204e-002
0.17166343482107654
5.5239530666353356e-002

1.2163092387654526
2.3229908342383214
1.1216747083303527
-1.7929159169665552e-003
0.15899465043991973
2.2937240048363131e-002

1.2837557642421571
2.6629928561635543
1.2716129353282677
0.24701018753328866
0.10998725434293372
0.15852310930256461

3.3770478345344386
2.0831181641555445
0.63610265769574503
-0.14150769580538894
0.19152954377502132
8.6916599692568545e-003

0.77451187856039572
1.8959344981383413
1.0514801263383491
4.520145256292344e-002
6.5374839741387553e-002
-0.14663637393144233

3.9905510158979465
0.30312497223020579
1.0651298425793827
-7.3760911656403819e-002
0.10919880044159756
-7.6685399746195856e-002

2.4055053946765779
2.9404608556208744
1.0824090879804025
-0.28962277247924506
0.18794267691659242
-1.6612718317059027e-002

3.9035224556835213
2.5850276896504454
1.4490759922785641
-0.1328595806788084
0.18432572534540964
0.22506039850336307

2.3935987438845636
2.9966515340799225
1.6116497082883556
7.4235579711734098e-002
-3.4637012715456626e-002
-0.17475142116357553

2.6827270928241878
1.406897668722292
0.15541321143523912
0.20291419967371549
-3.6842979982742098e-003
0.13384314994681298

1.9427231706088111
2.9766947678180768
1.1516958426875117
0.34561413633830318
-0.10874811539671123
-0.12820784625812476

0.72679676443596164
1.1579622025729635
0.43350542271897713
-0.16266647682695723
0.26239353073574545
-0.10365154947382493

2.5418758265209775
1.066483861279788
2.1201323048036711
4.566546969084459e-002
-1.5400966556581228e-002
2.8058989374817229e-002

1.4252032649127162
1.4654776850016038
0.30470927279368587
-9.2670015504913508e-002
-9.4620470384496123e-004
6.0958812054181293e-002

0.32770119804670228
2.6822264181915552
0.1947550391504439
-0.18505129880583207
-1.272866354009446e-002
-4.534918790915627e-002

2.2546842536697529
0.93866309604238263
1.2680279653972604
0.19791080523983742
3.7595275691693221e-002
-4.8069718238041438e-002

0.1294195908760512
1.8909859657119545
1.7028475687922788
-9.3998153174539079e-002
9.7305356316844574e-002
0.24264708448023051

0.29661251839077857
0.62080318342683494
0.26445878242414589
-0.1195870935327583
-8.781563542250341e-002
0.13140519444753831

2.3873920316077517
1.6779952433671914
0.79135530860936587
-2.0874976021050602e-002
-4.1751788822780925e-002
-0.12621596547632355

3.9288061086775361
2.6752605178822191
1.0733782484438015
0.10262066083950089
0.33830430099872649
-0.16451711251028819

0.29657410444043952
1.672016759946295
1.4252990694784198
9.7839713422419872e-002
-2.0348164881394269e-002
8.9069416179738806e-002

4.2758097407791223e-003
1.7138858493454909
0.54977702237379222
-0.23656443212633207
0.15421179425468426
2.428604807070122e-002

0.25830958235688789
2.9503236628021772
1.1109385253697066
-9.70651904641711e-003
-0.22851674887160522
0.13195698933011279

1.3361821755838987
0.83737945305232664
1.1032955921766205
0.11196912130938537
-0.2404165391566021
-0.1733356230256998

1.9812984724739817
0.58676808588047069
1.2852005567218756
-1.7168165938208142e-002
8.8998957827065711e-002
-4.0068743188810554e-002

2.1842617909304824e-002
1.3541976881480284
0.58733883646974949
-9.572260664624517e-002
0.11938061908071808
0.22245693349015849

2.1907001647689754
2.6610753728897576
1.6564747709652412
1.3034008049177266e-002
-4.95359832070114e-002
-4.7560887823069962e-002

2.9199760654956921
0.57107141949980456
1.9329288456050131
4.413024668574967e-002
0.12231029194212761
-5.5535360974708292e-002

2.5093701458407294
2.3118667860402371
0.55029181901099133
0.23051206350506617
0.20639955094608639
-0.13452927768796344

2.7485446788138885
1.715968720311938
0.996600757686116
-0.14806437268739275
5.1302462681704061e-002
-9.8832090900735997e-002

2.0690327046163008
0.68898098371531946
0.38888349895768892
6.5063133578132287e-002
-0.2025316963203552
-0.12777805238764864

2.0722774476312433
1.4918180780311878
0.88498439578516552
0.15956967103402087
5.3417135725670785e-002
-0.2320440603433902

0.80970152260280759
2.1043870201436676
0.76999607995446828
0.10986875497866704
0.12173408839822616
3.1044362548847955e-003

4.1876224787051148
0.67219044379971038
0.98985004991604209
-0.25132653758646639
-0.17407421700687389
-0.22384859914207592

1.2430542304883154
2.0138844824851723
5.9351483986119932e-002
0.23200465266835951
0.19667587495492245
0.2068382134592284

2.968562671386207
1.7750667151938384
1.6593336815548032
0.2710098146747324
-1.8830355890281692e-002
9.7773006027903092e-002

2.1876277654118823
2.960207879133625
0.22457025731423885
-0.13397276135630931
-0.19307760152126532
-6.283072839025941e-002

2.14134159753291
2.1535116160812091
1.2274361512793965
3.7553976192488195e-002
-9.6259580874214934e-002
7.3497161272813877e-003

3.1402231774079947
2.5790666465220906
0.28152657595491337
4.0818147114066866e-002
0.11201863732738432
-9.0839141462152093e-002

0.37753453219742444
1.9724844711516321
1.1574129264381028
-8.7706305045477065e-002
-4.0696409171026196e-002
-0.38880994358252485

0.8115957795040688
0.29178133083653424
2.156146229101596
0.20379984528228126
-7.9094222594164196e-002
-3.649424732857922e-002

2.7389507168750793
1.188181165083859
0.48339926720109944
-0.11511055710275163
0.23515771034564489
0.2151737512003328

0.6808642781237958
1.7615781444609815
1.8548077075543485
-3.0988823501351244e-002
-0.11911021343296302
1.6727811498725053e-002

0.45863496779905188
0.99192695839083789
0.13121203404310686
-1.2846557698509585e-002
-0.11575579684650136
1.7634516480243428e-002

1.8407602915711783
0.8630690995804251
1.5047808153169453
5.9233965287683453e-002
0.12007219458941358
-0.11297003172887297

3.7595846175842951
1.113891740738078
1.4264542910121709
-0.10620511417505742
-3.2693197055602578e-002
4.0244502434204757e-002

1.1766214145262421
0.57734924933459708
2.0055346280335002
-9.672611257138905e-002
-0.10114902068815171
-0.31360328965549178

3.7140882216658548
2.1124576470990868
0.12094244010865945
-9.3582350028923122e-002
0.10144198937786646
0.129387613974418

1.8298667618356856
0.4710519377303401
0.9863651931095655
-7.9437101828338477e-002
4.8393693946673498e-002
0.24375378057794017

2.4218948770445268
2.0712720517828349
0.79798459545893818
0.27350819431056678
-1.0145875785873268e-002
3.4136670501724781e-002

3.660854785229835
1.4710757405603361
1.5586755127734067
0.14980390847087607
0.29167228259380268
0.26224273652188995

2.7178974742278323
1.5606314526990428
0.64696844653849173
-6.9615555735777962e-002
4.8300476973207877e-002
4.5412041184431061e-002

0.84976931471127504
0.2371321006404947
1.6686306667000488
0.1288700501533748
0.13274292557517889
-0.63583957623753651

0.93677529016669348
2.6961639980324357
1.7746982920498429
-2.8848587745382116e-002
-0.15372444828426232
0.22903023946436435

2.5260476837382595
2.06185346186437
1.9230152572929813
0.16741775512928994
4.2088463506763311e-002
-2.4410261754021993e-002

1.7255721407544959
2.6680080443947265
0.61940956153837678
4.5216260908145449e-002
-0.1529203900356155
-0.19632132471477182

0.48407003556863559
1.6518934571444983
0.51562697234756905
-0.20464091957277256
-0.2067212805652604
0.12815148336627216

0.15538245976019005
1.2496611520419927
0.1330036170674016
0.11980194973186298
0.36410536363503732
-9.1837980466322897e-002

0.70220435053410324
2.0346086772837735
1.4844384052477857
4.1188639050275373e-002
0.19863292310528133
-0.15346856918764573

0.91087579981402245
2.654255116262997
0.2938809867187499
2.3346655098175444e-002
4.5863460385108371e-002
-0.26745607520931552

2.452652779853306
0.39273354010356637
1.2911552317170708e-002
0.14662615932889797
-0.38129505620809295
-0.22452649694833579

2.4170761315745484
0.3022495080587877
0.99581807211142825
0.16001296490838088
0.12811424400124805
0.11895693648242678

1.2605912836728026
0.8046872034086614
1.6990981468160373
-2.7358182859683659e-002
-6.3727509021886203e-002
0.14563632550059102

3.0253439895175229
1.0756344572573471
1.0776713161985993
-0.30361187079908653
0.12894422182710044
0.11303906182482468

3.0329255730863371
0.8956185292026857
2.040455468719713
5.7695127660351828e-002
5.6002029780562408e-002
-0.1222785944261834

0.38695513622032557
2.0124264794908222
1.8787881578291477
0.35179533390740575
-0.46722908531656732
0.33727983277831747

4.1483411789781925
1.3356504055724647
0.87574465976864402
4.684432090749107e-002
-0.14834545185907361
0.19910480155359048

1.2240021696634816e-002
2.971174513502604
1.8732059535968146
-0.22908356821492862
-0.23616512138661497
0.1534368667979108

0.86594612836617602
2.6222240371109504
1.3804838432354061
-5.0192642557148823e-002
0.11949869508106845
0.12913196878372521

1.1549496429492401
0.60066201347120851
0.50441092204121551
4.1818900023654952e-002
-0.13552209566465803
-0.15658064736427191

1.3617214613665329
2.980453395163841
2.1328255581204196
5.2039186444512667e-003
-0.26358873237394764
-0.16577126291152111

3.3268142480467651
2.1284196569086977
0.18833355187706532
-9.0553884226902304e-002
7.8469115527683153e-002
0.28655992015434345

3.6721719923616192
1.801811754297413
0.51116074691444324
9.1060962467680084e-002
-5.2123965585823391e-002
7.9382997147689607e-002

1.0592313016163868
2.1298808099003343
1.4137061473846337
6.8696590801701707e-002
-0.11094154554118092
-1.9245039356605927e-002

1.1807980107529292
1.5820292768734852
4.4899002670665981e-002
-0.11691029501291335
-8.1471249023750275e-003
0.28941449317991724

1.5824300669975226
0.98923216170707962
0.78969925718390066
9.2803657343271978e-002
-0.32531492433345349
4.5783613806373448e-002

0.843152307080552
2.329883633754751
1.0408276137383108
-1.9894270671292282e-003
7.5720133063662681e-002
1.8265886278901532e-002

0.47802620142264868
1.3490837993022042
0.20035880520659091
-1.8728663729356788e-003
5.6266795692819685e-002
2.3545915026984996e-003

2.9525968258973654
0.31080519010362018
0.56277456608597709
0.25171992691039563
-2.1308807941457904e-002
0.21743681884081856

3.6651117132862407
0.43160822002457161
1.849880888979238
5.6596176861607117e-002
-0.15459926855694489
6.4312703262958126e-002

3.5204997649866061
2.4734773374860581
0.81014267005019913
-5.5195985031065691e-003
-0.12801245847358761
0.20889118430790971

1.9611018529808846
0.32178736775323713
1.5785459908371116
-3.0467783366711104e-002
3.150418039432612e-002
0.12175969595531078

0.33263496493419975
0.84779668218683424
0.60050125507404661
-2.1303828164150898e-002
-2.643324401842896e-003
0.11559097174391017

4.2134774367891206
1.872549992090871
0.20471729864649771
-4.1495294321297817e-002
5.3966272323604389e-002
-0.11723061675587876

0.39246310619636376
2.233769789051236
0.42275837622694024
2.4753369585629154e-002
0.2669858897659193
-0.11489239910363554

3.7834287664703785
1.5592602157301212
0.71393650723672264
0.1109542187832579
0.25031103475832422
0.23312152405236461

3.5459151724863767
2.9723861029369396
1.0690106773666061e-002
0.13180682546407818
-7.8535837995323488e-002
0.15987669449632125

7.4870169466252412e-002
1.090483026187933
1.0894785434527172
-0.15193473064483781
5.6411827095617616e-002
-2.6973448755965964e-002

4.1349456166319998
2.6372715998212723
0.23434611112612785
2.8561853205688836e-002
8.0491295290529022e-002
7.6448639008606517e-002

1.5671536497869154
2.3897329071961106
1.3135943294738641
8.6893266780562903e-002
1.9237463813929549e-002
-3.4193461666575851e-002

1.3344598168502246
1.0313474060285928
0.18826660453346836
-5.6364791855273363e-002
-0.14129186963807341
-0.12803395635569312

1.7773199659475514
0.9413114720738851
1.1013874199912004
0.32665043428080098
3.1920834241295583e-002
5.2667811801009504e-002

1.3011485923400723
0.27691736841571402
1.1583104577694662e-002
-0.13623791060370646
-3.8089837995114791e-002
-8.4805117919008813e-002

3.9344642638148017
1.771011813756159
1.5127966881563617
-0.17501046865820871
0.10030620274041331
-2.8427747149024536e-002

2.7368558669939742
2.6803142824074078
1.601397392168239
0.13927941968860108
0.17478360026535544
-3.2287500045929687e-002

0.64473938192593661
0.77316159485097136
0.46887569835637016
-7.2994458990773064e-003
-0.26698622671186167
0.30689313208162483

2.5754573175612143
2.8939445294220416
5.9272042070765661e-003
-4.0652169142919713e-002
2.4820457965068789e-002
-0.28690464075949945

3.5534377895752396
0.27318024111501338
1.0800348063783249
0.19035408620041941
0.32210273559946029
-0.16080407586589507

4.3181553337657022
0.24544485710311556
1.8796111632285624
-2.6864949981077902e-002
9.1586736311390152e-002
-0.10224470700289344

3.0025035498511197
1.6932587755264425
1.3260388305298676
8.9647095819181011e-002
2.4680565927075915e-003
7.0236818381158722e-002

1.580594289472524
1.7194409812569051
0.80988844325738019
0.27417754294811231
-4.2983082963113858e-002
-0.10718784435280099

3.6852992585774396
0.60112157498180407
0.35856039575184956
-0.11320261017554115
8.677134289542561e-002
-0.12557178453624809

1.3603077775202672
2.1275752830901484
0.5760751829451124
-6.9913147854558525e-003
0.12523910776173597
0.10477581240467793

3.80007649497567
0.22703306177113119
0.27661958384474661
-9.1547211444589619e-004
-3.8194030408345132e-002
-6.9824870058489114e-002

5.6900853780598122e-002
1.8639417308222022
1.2892801558376852
-0.24069962445868426
-9.8820742036557982e-003
-5.3466281383584981e-002

4.0066641090244648
0.61321642820919775
1.9745136141768633
-0.1672360637503405
-5.4235573870682688e-002
0.21949371255420186

1.5459971336395204
2.1303544550278914
1.6667868683914928
0.10773435886811319
-4.1055324441073307e-002
8.7735802234938501e-002

1.3474601003402749
2.98670153471737
0.55010993719471069
0.19912165418914649
8.7636278859226285e-002
-5.9694030567609406e-002

1.4471504750990301
0.82165512459891199
0.4522422258832991
0.36935620012091269
-0.14935017891180083
4.6725924913069025e-002

2.7371115222591822
0.6954602024161769
1.5728275233066611
9.9736855546239137e-002
-0.13671536701373355
0.1966253373583087

3.0950262988066028
2.3414932518306961
1.1098528791378685e-002
-0.14310460894511073
3.6931644167824837e-002
8.1877691730473767e-002

1.8492805138840239e-002
0.87017362082693184
0.32393032357749713
-8.5082350371993687e-002
0.11708646757668283
-2.0775722316267217e-002

2.1874584891430815
0.75310463433992336
1.5754071149332849
2.91749923757589e-002
-0.12805738350074247
0.27679219653419979

1.8373407676918208
1.6851371539712954
0.28305737325644625
-8.7491404768447162e-002
0.15516460912636029
1.9230476714651383e-002

1.5672122045941759
1.6756060090898319
2.149491146546866
-1.9358039146748017e-002
-7.4994169788906523e-002
2.2349973124694892e-002

1.7610166775022711
1.4684904131014771
1.0945975402478489
-0.23798395123723493
0.11411574804325331
0.17790859180345162

3.8063223791569438
2.7134308827629301
4.4788656807246134e-002
-0.18474483929232288
4.044814046367607e-002
0.30872159101120716

0.74178424231969353
0.94435215789967553
1.3996526443510777
-8.651643993026098e-002
-0.11575998725174741
8.3297401713793157e-002

2.2865471781865652
1.723174027427296
0.28183322197411242
0.14206710564398667
8.5749532390284669e-002
-8.2900933490200904e-002

3.8583434573640991
1.6128544642818772
1.0906494046971567
0.22094348924505505
7.9962664190166219e-003
0.13263388320166733

1.6162852142580839
0.94195163776687685
1.7446371501499114
-9.5787649079797213e-002
1.9335252586293906e-002
-5.8388923969533268e-002

3.8526610684767593
2.2445153975154839
1.4181306724300149
0.10198335321413143
-4.1259207345137751e-002
1.6972580552163604e-002

2.9193109307495613
0.29531793769282916
1.1933182462985047e-002
4.8094487711243805e-002
1.2946078043423289e-002
-4.8465868738534014e-002

0.48558479828585888
2.2314723890796437
0.95273211374256328
-0.13444763224889331
0.16891425323867745
-0.12755866114469511

3.2895221167262036
2.2307441796817167
1.1686647776480523
0.10939322262209338
-1.4183741483685727e-004
2.4258076155677492e-002

1.3525223909615693
0.5883304933298622
0.23895159010782363
-0.21847845587885545
-0.23236368136495775
0.14876977904705552

1.0092478691635314
0.54579092820268582
1.6915928689535793
-0.1945278338893266
7.1701510752219186e-002
0.20546812496305855

1.6112353103524915
2.7185356877057667
1.9586071060526615e-002
8.8626899264828099e-002
0.10219812690617212
0.10978009576319958

2.5321274380990868
0.33129192508879918
0.63234908525624145
-8.3742812167553263e-002
-7.1594344722796563e-002
5.163286607101495e-002

1.0256549686561449
0.55455083054208631
0.14960688479406237
-0.25175381279214432
4.128406879273476e-002
-1.0961669948133079e-002

1.9368352665557902
0.75572794783477204
0.7963879405654275
5.7993410739414969e-002
-0.10035384630557891
-0.10605851940702242

1.2838759241520772
2.6414054944296406
1.8559262630301745
2.2622267424946517e-002
-1.133129836592139e-002
0.28150490159697222

0.90516129921194055
0.83404259257918456
2.0107333300442822
-9.3362242940714362e-003
0.12708936156219922
3.1881255478210184e-002

0.87277537898966495
0.27059211423185026
0.97328364956261171
-8.5918763407739754e-002
-4.9564948330116161e-002
2.8768741251215094e-002

2.6892968667909263
0.22154608343170373
0.28657529443364671
0.22223580216533409
0.17266208124754515
0.26903921532698633

4.077389146977608
2.9529359449135213
0.50416528059212085
0.1026057426413301
-0.11114183799925895
-3.0009404220415273e-002

1.786836398040109
1.8606946970192335
1.0608697646434064
1.2366149474251936e-002
-0.28313815534404657
-0.1103692337744164

3.441160028827837
1.2859220014008466
0.43460086960743288
0.1039399832762237
0.10562958840121829
-6.091770219837557e-002

0.24371299948970512
1.8854958092911449
0.39610566695015242
-8.7119509212525051e-002
0.18948768572786745
-2.8699567664119255e-002

3.525994486849509
2.7478819072424021
0.30050637728781393
-0.17727113937192698
5.7037681192351801e-002
-0.23562949994306018

2.4830737384767056
2.6645072048858278
0.28956936058664756
-3.8327960122952483e-002
-0.16614305364977436
3.6830497195933738e-002

1.8580016416538521
1.8888636938497134
1.7689857765194765
4.2490856494907539e-002
-0.14236181566294204
5.7167945854192999e-002

0.89972065199713025
2.0993176377146567
1.918519595385451
0.12980154215585143
-0.11613044898359906
-7.8686625325073978e-002

3.0194203466639391
2.7465721975637885
1.335269874440093
-0.13355651968237009
6.4255898210397698e-003
0.12287250184882366

1.7226758689723614
1.7328841138208575
1.373136816202287
-1.3798931797563358e-002
-9.2004201294771156e-003
-0.12225277492802869

2.8806018244965323
1.0906538522292029
0.10997082525302153
5.4994903811422774e-002
-3.1153881007878973e-002
4.2672868315008994e-002

3.9025907631966685
2.4178994899612678
1.7407441189399158
1.1235049555573029e-002
0.34076087380874459
-8.884456369560631e-002

3.0044554510703811
2.9513190183349209
1.6164409255599634
1.797321499959232e-002
-1.8760169414287018e-002
-5.6011529543618079e-002

2.1996705535132115
2.9823887756853038
1.9110281567558831
-6.4576477404800483e-003
-0.26714531007888703
-0.24325852764716771

0.19688785426754216
1.613006255465562
0.79746586981194634
0.14857291755187538
0.11753404171936407
-0.37084222861745542

3.2759227347358433
0.2834205378480486
1.8987115832979382
0.13387092144798582
-0.2616647828765874
0.13847737368459972

1.3763724376898214
2.9437469814915951
1.069832090361843
7.9500179790462699e-002
2.603351002061207e-002
0.19069394080704707

0.68321206407075896
1.9684256491917194
0.48606307550365696
1.2282585631438438e-002
9.5093760539568126e-002
-0.15666513302219245

1.3207596290699635
0.33309840316733708
1.7311805964224409
-0.1992978741683564
2.352013052127434e-002
-3.921867473843519e-003

3.7551617870113252
0.2916694024390965
1.3590295708569413
7.8756470818657415e-002
-1.5682172383362312e-002
-0.20657280548905349

4.2037138227320678
2.6602351167088139
0.82755958762344195
0.19154896912489447
-0.13236896555069608
-0.13806226373442285

1.1131093496172757
2.6975727985638978
0.58317244049774797
0.21494683369124423
2.8263232386333735e-002
-0.27015058723651136

3.2884610840374031
0.92180925877224107
0.83266166423546728
3.0326294803065573e-003
-0.23064555341168438
0.19668317298128418

1.0685855006521643
1.7780193104410529
0.5942108961785999
5.4343322838374279e-002
-0.16698232108835467
0.11874732914240894

3.560571440552192
0.95859231498457198
0.46700284404011599
-1.3397697506090239e-002
-6.7222975373494295e-002
-0.10782140942246701

1.8974757970215952
2.6514662141397713
1.8834954574522185
-3.190946520217107e-002
-0.23791273668985499
-0.29015745566064421

0.75847788088244827
2.6665920365985873
0.78914696400260043
-0.10545429507179847
0.19229686336978791
-6.2250033131136806e-002

1.2638690905536116
1.2933041657564697
1.3576467334953515
0.21239543257349958
-0.20106827619840456
-0.28429421934372345

3.2086437050281034
1.3632683522628963
0.12216187896425058
-3.896444052715848e-003
0.10864039329769413
-0.13073122532084169

3.2498246438899367
2.6982960232937008
2.1178934953453497
-9.6276874632739026e-002
-0.20979723589141017
-1.4546217770390335e-002

3.9433458423854897
1.2805049128614121
0.58418054751759285
-6.0334468936262257e-002
0.1761600738067679
-0.2854627254990853

0.27578641916167568
2.9580179905579462
1.6342717454562619
-0.23416783562913451
7.9939435649912793e-002
6.3010808127957355e-002

0.22150691850965784
2.2560402584380075
1.5489509374260353
4.595585620181486e-002
-0.10212963142904875
0.10143222780304094

2.5574851118499913
1.2359262092402554
1.4765026998246482
-5.7286669707150996e-002
-8.4975044189702031e-002
9.2273551788124977e-002

2.3421666240921382
1.2968261039719755
0.76372211027313031
7.7844595898936012e-002
5.4350961268548083e-002
0.19315917317482229

1.9950739081686903
1.203982732477755
1.2164668246727275
0.13247950000118194
-7.4869084380303638e-002
6.0920600358334735e-002

2.7704812931640572
0.28846928581009246
0.92388534311024595
-8.1506629446864293e-002
-9.8807551756820919e-002
-7.2506405597943427e-002

2.4775996058951626
2.6796050363983386
1.8734818821055903
-0.24090898627474222
-2.4262202500524143e-002
-2.4612779112308313e-002

1.8380465112486386
2.1582124432512888
1.4551053981037267
5.8864239942442192e-002
0.20532295541396986
-4.7581849900630094e-002

1.0701841606329263
3.0087790435790578
1.944143018982621
0.17112586945510527
2.4431814293087949e-002
-0.14078641752399804

1.5398081473510605
2.3999016443274468
0.32947324700065406
-0.1742717094431806
5.3822979987765739e-003
-5.9322358969888752e-004

1.9933061843190116
0.71636713859158874
3.5068025918291321e-002
-0.19476198119463939
-9.3074592343277571e-002
0.23203507557016986

3.4393267699192087
2.4280038785851819
7.5183521658486074e-002
0.31241796785350068
-0.28727421639252321
0.17854615524133877

2.679838215698938
0.33088815978449837
1.3105492799575913
-4.4008788776013573e-002
1.4360920136471507e-002
0.30584155882041431

0.43696911536719679
2.3271880314256985
2.0588313789734811
7.2057174885811232e-002
-3.1028396928960478e-002
0.21050061264997813

0.54573773830844141
2.3058778442883319
1.7327058042672212
-0.19745754487930153
0.14364113626910713
-2.2371213949337797e-002

1.7777013734025624
1.3473072887642665
0.78107003379826245
4.1019092768661336e-002
-0.11146652665115464
-0.26694880470378063

0.39135798571216851
0.90014870658418999
1.0631899517752337
0.12945641139040237
0.15310935565766517
3.8911157547751436e-002

2.6098335732251834
1.7697785329274494
1.0369345317621017e-002
-1.537606647293425e-003
-0.21008710944243422
0.29200818963616115

1.5878151349006606
2.0398379517294831
2.0675134169783487
-5.0025361165870252e-002
0.12209679331724853
0.10622734110605048

4.0224553219136814
2.8972076830772933
1.6150274314670749
-5.7788979551445435e-002
-0.10835694265083731
8.2689804575036441e-002

0.39106999221180277
0.98091889853251102
1.4194244011987769
1.7953125408418431e-002
-0.16042461644242093
-0.18927607574870164

4.1880035739655499
1.9235840286098707
1.9180825174824692
-0.19122776327951491
-8.3618169132261208e-002
0.15466465827491613

4.315901154390037
0.36051336095766701
0.82593325814778518
-5.4183658115052068e-002
-6.0550963444297612e-002
0.28679406073797914

2.2675822179680698
0.26099975789182644
0.34923772547834209
0.18173001889102275
0.30918329819885532
3.2614839956868494e-002

3.3281613071254461
1.8929680843597718
1.2152458232936834
-0.1684156912222981
0.19127854777605277
0.19559296149743541

0.67234319295978473
1.675419415631572
1.3780408656157797
2.1089754022923249e-002
-0.22056296769548026
0.15921428610281149

0.45026118066878107
0.62247371581113331
1.4299186645847182
9.372365309360102e-002
-2.8108008707657325e-002
0.17120213808763299

1.9615418166169498
0.97207072795053551
1.9117408438955494
-2.2830846166754806e-002
8.8085588503337198e-002
-1.2408718811943466e-002

2.598154385967308
2.3656305653041336
1.1597923235015479
1.9835722891108575e-003
-2.3882930545948151e-002
1.5196264038348398e-003

2.147227749619391
2.322155700089195
0.12174692738827513
-0.14700267021649321
-3.904154203194321e-002
-0.10417901092960688

1.6254234586553311
2.697177091672859
1.1367465840971147
-2.882365079433313e-002
6.755598201746732e-002
7.9642383697425795e-002

2.9684311388577527
2.6304892170359495
1.8427167927662531
-0.18780333047876371
-1.5868238919610922e-002
0.25769817590528565

1.3732847875400369
1.8060892838457066
0.38189004594690795
-8.5699058829187807e-004
0.26375943123862683
-1.3123957998544759e-002

3.6338304086543127
2.6369505299478995
1.9126363712019148
0.10586124540291383
-0.13748989027029374
3.3509615734191762e-002

1.2094652466116884
1.8880963296413984
1.6228942140013485
0.13065902947446612
-2.5731493559852804e-002
-0.12172139226198604

2.7787155098786966
2.4004884296797093
0.75652200456938701
-7.0625114900400437e-002
7.1327538452616406e-003
0.14709994873934848

0.59753751698924529
1.1030517598629703
1.7914191874572742
0.13840553217314619
0.12785137726069898
7.5561088596198797e-002

1.4586788624022411
0.64019102452823451
0.86218542611134197
-0.35470591278864327
0.24098963977668816
-4.9300461138093964e-002

2.5863990560037156
1.9561607765607372
0.29044563677344004
1.6989533106162012e-003
-1.0874104039257476e-002
0.39156168036311179

1.6356399442920768
0.35143921905322151
1.8553059771941378
-0.14472287573070056
-0.13271609631643513
-0.33571435888113715

2.864161313662251
0.79630802512440313
0.44558691559416586
-0.17037405657872498
0.20531442473784051
3.1874327715413563e-002

3.5498307435461451
2.9896077604784974
1.6244872498940188
5.248490243645805e-002
-0.12821760340684382
-0.17722269961513182

0.4004079315622574
0.73234302658388017
1.9582434131084079
0.20484731868201866
0.11158338107021039
0.15520125828545625

2.1750377650289305
2.6451985811865422
1.1894359290022887e-003
0.22461953589509809
1.2402448167069332e-002
7.985117198508429e-002

0.80496205269928456
2.4142648182643853
2.0419610683144569
-8.1882840427198525e-002
-8.349641065706237e-002
-3.5786999796191842e-002

3.1954128840373759
1.2989705573169357
0.70485692742659267
-1.3845992336437645e-004
-6.2490925288482914e-002
8.8294881730838978e-002

1.9627048541248235
1.3298887886043689
1.9532081565058848
-0.14457744936716463
-2.2426269335818101e-002
9.4274563258730321e-002

4.315285887811859
2.9589435879699004
1.3578708272040565
-1.1087349213224075e-002
0.15208733797413257
-1.0946378010715033e-002

3.2813758450984913
2.981582601452232
1.895099708532755
-8.6997039557269534e-002
-6.0424294960915226e-002
0.16550293690052423

3.0949158363887652
1.7752829677046467
0.98136931055073806
-5.3437057066192971e-002
0.10084734363690148
-1.2186820411588636e-002

3.8499108813578484
1.0012405464996912
2.1305480172761087
5.9818943947617369e-003
0.10235802378240162
1.0487251294729806e-002

1.0766470374646093
1.1853490061178968
0.99554838275504354
0.17646133522456828
-6.8284545478695668e-002
0.13150210606265808

