230

1
0
0
0

2
0
0.54
0

3
0
0.27
0.27

4
0
0
0.54

5
0
0.54
0.54

6
0.54
0
0.54

7
0.54
0.54
0.54

8
0.27
0.27
0.54

9
0.54
0
0

10
0.54
0.54
0

11
0.27
0
0.27

12
0.27
0.27
0

13
0.54
0.27
0.27

14
0.27
0.54
0.27

15
1.08
0
0.54

16
1.08
0.54
0.54

17
0.81
0.27
0.54

18
1.08
0
0

19
1.08
0.54
0

20
0.81
0
0.27

21
0.81
0.27
0

22
1.08
0.27
0.27

23
0.81
0.54
0.27

24
1.62
0
0.54

25
1.62
0.54
0.54

26
1.35
0.27
0.54

27
1.62
0
0

28
1.62
0.54
0

29
1.35
0
0.27

30
1.35
0.27
0

31
1.62
0.27
0.27

32
1.35
0.54
0.27

33
2.16
0
0.54

34
2.16
0.54
0.54

35
1.89
0.27
0.54

36
2.16
0
0

37
2.16
0.54
0

38
1.89
0
0.27

39
1.89
0.27
0

40
2.16
0.27
0.27

41
1.89
0.54
0.27

42
2.7
0
0.54

43
2.7
0.54
0.54

44
2.43
0.27
0.54

45
2.7
0
0

46
2.7
0.54
0

47
2.43
0
0.27

48
2.43
0.27
0

49
2.7
0.27
0.27

50
2.43
0.54
0.27

51
3.24
0
0.54

52
3.24
0.54
0.54

53
2.97
0.27
0.54

54
3.24
0
0

55
3.24
0.54
0

56
2.97
0
0.27

57
2.97
0.27
0

58
3.24
0.27
0.27

59
2.97
0.54
0.27

60
3.78
0
0.54

61
3.78
0.54
0.54

62
3.51
0.27
0.54

63
3.78
0
0

64
3.78
0.54
0

65
3.51
0
0.27

66
3.51
0.27
0

67
3.78
0.27
0.27

68
3.51
0.54
0.27

69
4.32
0
0.54

70
4.32
0.54
0.54

71
4.05
0.27
0.54

72
4.32
0
0

73
4.32
0.54
0

74
4.05
0
0.27

75
4.05
0.27
0

76
4.32
0.27
0.27

77
4.05
0.54
0.27

78
0
0.27
0.81

79
0
0
1.08

80
0
0.54
1.08

81
0.54
0
1.08

82
0.54
0.54
1.08

83
0.27
0.27
1.08

84
0.27
0
0.81

85
0.54
0.27
0.81

86
0.27
0.54
0.81

87
1.08
0
1.08

88
1.08
0.54
1.08

89
0.81
0.27
1.08

90
0.81
0
0.81

91
1.08
0.27
0.81

92
0.81
0.54
0.81

93
1.62
0
1.08

94
1.62
0.54
1.08

95
1.35
0.27
1.08

96
1.35
0
0.81

97
1.62
0.27
0.81

98
1.35
0.54
0.81

99
2.16
0
1.08

100
2.16
0.54
1.08

101
1.89
0.27
1.08

102
1.89
0
0.81

103
2.16
0.27
0.81

104
1.89
0.54
0.81

105
2.7
0
1.08

106
2.7
0.54
1.08

107
2.43
0.27
1.08

108
2.43
0
0.81

109
2.7
0.27
0.81

110
2.43
0.54
0.81

111
3.24
0
1.08

112
3.24
0.54
1.08

113
2.97
0.27
1.08

114
2.97
0
0.81

115
3.24
0.27
0.81

116
2.97
0.54
0.81

117
3.78
0
1.08

118
3.78
0.54
1.08

119
3.51
0.27
1.08

120
3.51
0
0.81

121
3.78
0.27
0.81

122
3.51
0.54
0.81

123
4.32
0
1.08

124
4.32
0.54
1.08

125
4.05
0.27
1.08

126
4.05
0
0.81

127
4.32
0.27
0.81

128
4.05
0.54
0.81

129
0
0.27
1.35

130
0
0
1.62

131
0
0.54
1.62

132
0.54
0
1.62

133
0.54
0.54
1.62

134
0.27
0.27
1.62

135
0.27
0
1.35

136
0.54
0.27
1.35

137
0.27
0.54
1.35

138
1.08
0
1.62

139
1.08
0.54
1.62

140
0.81
0.27
1.62

141
0.81
0
1.35

142
1.08
0.27
1.35

143
0.81
0.54
1.35

144
1.62
0
1.62

145
1.62
0.54
1.62

146
1.35
0.27
1.62

147
1.35
0
1.35

148
1.62
0.27
1.35

149
1.35
0.54
1.35

150
2.16
0
1.62

151
2.16
0.54
1.62

152
1.89
0.27
1.62

153
1.89
0
1.35

154
2.16
0.27
1.35

155
1.89
0.54
1.35

156
2.7
0
1.62

157
2.7
0.54
1.62

158
2.43
0.27
1.62

159
2.43
0
1.35

160
2.7
0.27
1.35

161
2.43
0.54
1.35

162
3.24
0
1.62

163
3.24
0.54
1.62

164
2.97
0.27
1.62

165
2.97
0
1.35

166
3.24
0.27
1.35

167
2.97
0.54
1.35

168
3.78
0
1.62

169
3.78
0.54
1.62

170
3.51
0.27
1.62

171
3.51
0
1.35

172
3.78
0.27
1.35

173
3.51
0.54
1.35

174
4.32
0
1.62

175
4.32
0.54
1.62

176
4.05
0.27
1.62

177
4.05
0
1.35

178
4.32
0.27
1.35

179
4.05
0.54
1.35

180
0
0.27
1.89

181
0
0
2.16

182
0
0.54
2.16

183
0.54
0
2.16

184
0.54
0.54
2.16

185
0.27
0.27
2.16

186
0.27
0
1.89

187
0.54
0.27
1.89

188
0.27
0.54
1.89

189
1.08
0
2.16

190
1.08
0.54
2.16

191
0.81
0.27
2.16

192
0.81
0
1.89

193
1.08
0.27
1.89

194
0.81
0.54
1.89

195
1.62
0
2.16

196
1.62
0.54
2.16

197
1.35
0.27
2.16

198
1.35
0
1.89

199
1.62
0.27
1.89

200
1.35
0.54
1.89

201
2.16
0
2.16

202
2.16
0.54
2.16

203
1.89
0.27
2.16

204
1.89
0
1.89

205
2.16
0.27
1.89

206
1.89
0.54
1.89

207
2.7
0
2.16

208
2.7
0.54
2.16

209
2.43
0.27
2.16

210
2.43
0
1.89

211
2.7
0.27
1.89

212
2.43
0.54
1.89

213
3.24
0
2.16

214
3.24
0.54
2.16

215
2.97
0.27
2.16

216
2.97
0
1.89

217
3.24
0.27
1.89

218
2.97
0.54
1.89

219
3.78
0
2.16

220
3.78
0.54
2.16

221
3.51
0.27
2.16

222
3.51
0
1.89

223
3.78
0.27
1.89

224
3.51
0.54
1.89

225
4.32
0
2.16

226
4.32
0.54
2.16

227
4.05
0.27
2.16

228
4.05
0
1.89

229
4.32
0.27
1.89

230
4.05
0.54
1.89
